289
0.5236 1.7453 -1.8326 -1.4835 1.5708 0 1.00428 0.2729 0.9486 -1.15011 1.81001 -1.97739 
0.525976 1.73963 -1.81471 -1.50138 1.57845 -0.0164112 0.996743 0.248547 0.93917 -1.15166 1.80761 -1.97843 
0.528295 1.73389 -1.79678 -1.51918 1.586 -0.032943 0.989123 0.224258 0.929773 -1.15311 1.80496 -1.9796 
0.530559 1.72809 -1.77882 -1.5369 1.59345 -0.0495956 0.981415 0.200038 0.920409 -1.15443 1.80205 -1.98089 
0.532766 1.72222 -1.76083 -1.55453 1.60077 -0.0663694 0.973617 0.175887 0.91108 -1.15563 1.79889 -1.98229 
0.534916 1.71628 -1.7428 -1.57208 1.60797 -0.0832655 0.965722 0.15181 0.901785 -1.15671 1.79547 -1.98382 
0.537008 1.71027 -1.72474 -1.58954 1.61501 -0.100284 0.957727 0.127808 0.892528 -1.15764 1.7918 -1.98548 
0.539041 1.70419 -1.70664 -1.60691 1.6219 -0.117424 0.949628 0.103887 0.883309 -1.15842 1.78787 -1.98725 
0.541015 1.69802 -1.68852 -1.6242 1.62861 -0.134687 0.941419 0.0800477 0.874129 -1.15904 1.78369 -1.98915 
0.542931 1.69177 -1.67036 -1.6414 1.63514 -0.152074 0.933088 0.0562902 0.864988 -1.1595 1.77925 -1.99117 
0.544785 1.68544 -1.65217 -1.6585 1.64147 -0.169582 0.924638 0.032622 0.85589 -1.15978 1.77456 -1.99331 
0.546576 1.67902 -1.63395 -1.6755 1.64759 -0.187211 0.916066 0.00904707 0.846836 -1.15987 1.76962 -1.99557 
0.548302 1.67251 -1.61571 -1.69241 1.65347 -0.204959 0.907367 -0.0144312 0.837828 -1.15976 1.76442 -1.99795 
0.549961 1.66589 -1.59743 -1.70921 1.65911 -0.222825 0.898536 -0.0378095 0.828868 -1.15944 1.75897 -2.00045 
0.551552 1.65918 -1.57912 -1.7259 1.6645 -0.240806 0.889569 -0.0610833 0.819957 -1.15891 1.75328 -2.00307 
0.553073 1.65236 -1.56079 -1.74248 1.6696 -0.258901 0.880464 -0.0842483 0.811099 -1.15815 1.74734 -2.00579 
0.554521 1.64543 -1.54244 -1.75895 1.67443 -0.277107 0.871215 -0.107301 0.802294 -1.15714 1.74116 -2.00863 
0.55593 1.63843 -1.52404 -1.77536 1.67901 -0.295439 0.861695 -0.130284 0.793539 -1.15591 1.73461 -2.0116 
0.557259 1.63132 -1.50563 -1.79165 1.68327 -0.313876 0.852023 -0.153145 0.784845 -1.15442 1.72783 -2.01467 
0.558506 1.62408 -1.48719 -1.80781 1.68721 -0.332417 0.842196 -0.175878 0.776213 -1.15264 1.72081 -2.01784 
0.559668 1.61672 -1.46873 -1.82382 1.69079 -0.351056 0.832211 -0.198479 0.767648 -1.15058 1.71356 -2.02112 
0.560743 1.60923 -1.45026 -1.83969 1.69401 -0.369788 0.822062 -0.220944 0.759151 -1.14822 1.70607 -2.02448 
0.561725 1.6016 -1.43177 -1.85541 1.69686 -0.388609 0.81175 -0.243267 0.750726 -1.14555 1.69836 -2.02794 
0.562613 1.59383 -1.41326 -1.87098 1.69931 -0.407512 0.801273 -0.265443 0.742376 -1.14256 1.69043 -2.03147 
0.563401 1.58592 -1.39475 -1.88638 1.70136 -0.426491 0.790627 -0.287467 0.734105 -1.13923 1.68229 -2.03509 
0.564092 1.57787 -1.37623 -1.90161 1.70301 -0.445541 0.779791 -0.30934 0.725921 -1.13556 1.67392 -2.03877 
0.564674 1.56967 -1.3577 -1.91667 1.70423 -0.464654 0.768784 -0.331049 0.717822 -1.13154 1.66535 -2.04252 
0.565146 1.56132 -1.33917 -1.93155 1.70501 -0.483823 0.757607 -0.35259 0.709815 -1.12716 1.65659 -2.04632 
0.565501 1.55281 -1.32064 -1.94623 1.70534 -0.503039 0.746257 -0.373958 0.701903 -1.1224 1.64765 -2.05017 
0.565736 1.54414 -1.30212 -1.96071 1.70522 -0.522294 0.734733 -0.395146 0.694091 -1.11726 1.63854 -2.05406 
0.565847 1.53531 -1.2836 -1.97498 1.70463 -0.54158 0.723038 -0.416149 0.686383 -1.11173 1.62926 -2.05798 
0.565829 1.52631 -1.2651 -1.98904 1.70356 -0.560887 0.711173 -0.436962 0.678784 -1.1058 1.61983 -2.06192 
0.565676 1.51715 -1.24661 -2.00288 1.70201 -0.580207 0.699139 -0.457578 0.6713 -1.09947 1.61026 -2.06587 
0.565484 1.50835 -1.22792 -2.01711 1.70039 -0.599576 0.685751 -0.478514 0.664316 -1.09231 1.59926 -2.06987 
0.565128 1.49937 -1.20927 -2.03108 1.69825 -0.618948 0.67218 -0.499228 0.657482 -1.08469 1.58814 -2.07388 
0.564606 1.49019 -1.19064 -2.04478 1.69561 -0.63831 0.65843 -0.519715 0.650804 -1.07659 1.57693 -2.07787 
0.563915 1.48083 -1.17205 -2.0582 1.69246 -0.657654 0.644504 -0.539968 0.644288 -1.06803 1.56563 -2.08185 
0.563051 1.47127 -1.15349 -2.07133 1.68881 -0.676966 0.630403 -0.559983 0.637941 -1.05899 1.55426 -2.0858 
0.562011 1.46153 -1.13497 -2.08419 1.68465 -0.696238 0.616136 -0.579756 0.631767 -1.04948 1.54284 -2.0897 
0.560795 1.45159 -1.1165 -2.09675 1.67999 -0.71546 0.601707 -0.599281 0.625773 -1.0395 1.53138 -2.09356 
0.5594 1.44146 -1.09808 -2.10902 1.67484 -0.73462 0.587121 -0.618555 0.619963 -1.02904 1.51989 -2.09735 
0.557823 1.43116 -1.07972 -2.121 1.66921 -0.753701 0.572365 -0.637577 0.614362 -1.01812 1.50837 -2.10107 
0.556066 1.42067 -1.06141 -2.13269 1.66311 -0.772704 0.557464 -0.65634 0.608957 -1.00674 1.49685 -2.1047 
0.554127 1.40999 -1.04316 -2.14408 1.65654 -0.791618 0.542425 -0.674843 0.603753 -0.994901 1.48535 -2.10825 
0.552006 1.39913 -1.02497 -2.15518 1.64952 -0.810437 0.527252 -0.693082 0.598753 -0.98262 1.47388 -2.1117 
0.549704 1.38809 -1.00685 -2.16599 1.64206 -0.829151 0.511952 -0.711056 0.593965 -0.969902 1.46244 -2.11505 
0.547223 1.37687 -0.988792 -2.1765 1.63417 -0.847756 0.496531 -0.728763 0.58939 -0.956755 1.45106 -2.11829 
0.544562 1.36548 -0.970809 -2.18672 1.62586 -0.866245 0.480998 -0.746203 0.585032 -0.943191 1.43974 -2.12141 
0.541726 1.35391 -0.9529 -2.19666 1.61715 -0.884612 0.465358 -0.763374 0.580893 -0.92922 1.42848 -2.12441 
0.538711 1.3423 -0.935074 -2.20635 1.60817 -0.902776 0.449521 -0.780286 0.577139 -0.914802 1.41718 -2.12721 
0.535525 1.33052 -0.917325 -2.21577 1.59882 -0.920813 0.433591 -0.796931 0.573611 -0.9 1.40597 -2.12988 
0.532171 1.31858 -0.899653 -2.22492 1.58912 -0.938719 0.417573 -0.813312 0.570312 -0.884826 1.39486 -2.13242 
0.528654 1.30649 -0.882061 -2.23381 1.57908 -0.956492 0.401474 -0.829428 0.567243 -0.869293 1.38384 -2.13483 
0.524976 1.29424 -0.86455 -2.24243 1.56873 -0.974129 0.385299 -0.845283 0.564407 -0.853413 1.37293 -2.1371 
0.521143 1.28183 -0.84712 -2.25081 1.55807 -0.99163 0.369056 -0.860876 0.561803 -0.837198 1.36213 -2.13923 
0.517158 1.26929 -0.829771 -2.25895 1.54711 -1.00899 0.35275 -0.876212 0.559432 -0.820661 1.35145 -2.14123 
0.513026 1.25659 -0.812506 -2.26685 1.53588 -1.02622 0.336387 -0.891292 0.557292 -0.803815 1.34087 -2.14309 
0.508753 1.24378 -0.795324 -2.27453 1.5244 -1.0433 0.319966 -0.906119 0.555403 -0.78667 1.3304 -2.1448 
0.504342 1.23082 -0.778224 -2.28198 1.51268 -1.06025 0.303499 -0.920696 0.553744 -0.76924 1.32005 -2.14638 
0.499798 1.21774 -0.761209 -2.28923 1.50071 -1.07706 0.286993 -0.935025 0.552317 -0.751536 1.30982 -2.14783 
0.495127 1.20452 -0.744276 -2.29627 1.48853 -1.09374 0.270451 -0.949111 0.55112 -0.73357 1.2997 -2.14914 
0.490334 1.19119 -0.727426 -2.30312 1.47613 -1.11028 0.25388 -0.962957 0.550153 -0.715353 1.2897 -2.15032 
0.485422 1.17773 -0.710659 -2.30979 1.46354 -1.1267 0.237283 -0.976565 0.549413 -0.696896 1.27981 -2.15137 
0.480398 1.16416 -0.693974 -2.31628 1.45076 -1.14299 0.220668 -0.989938 0.5489 -0.678208 1.27003 -2.1523 
0.475266 1.15047 -0.677372 -2.32259 1.4378 -1.15916 0.204037 -1.00308 0.54861 -0.659299 1.26036 -2.1531 
0.484046 1.14037 -0.676909 -2.30647 1.4379 -1.15977 0.204245 -0.989963 0.540408 -0.671349 1.25565 -2.15969 
0.492766 1.13018 -0.67652 -2.29043 1.43803 -1.16038 0.204464 -0.976844 0.532205 -0.683446 1.25087 -2.16628 
0.501425 1.1199 -0.676207 -2.27447 1.43821 -1.161 0.204695 -0.963725 0.524002 -0.69559 1.24602 -2.17287 
0.510023 1.10954 -0.675968 -2.25859 1.43842 -1.16162 0.204938 -0.950609 0.515797 -0.707782 1.24109 -2.17947 
0.518559 1.09908 -0.675802 -2.2428 1.43867 -1.16225 0.205192 -0.937496 0.50759 -0.720022 1.23609 -2.18607 
0.527033 1.08854 -0.67571 -2.22709 1.43896 -1.16287 0.205457 -0.924386 0.499379 -0.732308 1.23102 -2.19267 
0.535444 1.07792 -0.675691 -2.21146 1.43929 -1.1635 0.205733 -0.911282 0.491164 -0.744641 1.22589 -2.19928 
0.543792 1.06721 -0.675744 -2.19592 1.43966 -1.16414 0.20602 -0.898185 0.482945 -0.757021 1.22068 -2.20589 
0.552076 1.05641 -0.675868 -2.18046 1.44008 -1.16478 0.206318 -0.885093 0.474719 -0.769448 1.21541 -2.21251 
0.560296 1.04552 -0.676062 -2.16509 1.44054 -1.16542 0.206627 -0.872011 0.466487 -0.781921 1.21007 -2.21913 
0.568452 1.03455 -0.676328 -2.1498 1.44104 -1.16606 0.206947 -0.858938 0.458248 -0.79444 1.20467 -2.22575 
0.576542 1.0235 -0.676662 -2.1346 1.44159 -1.16671 0.207277 -0.845875 0.450001 -0.807005 1.1992 -2.23237 
0.584566 1.01236 -0.677066 -2.11949 1.44219 -1.16735 0.207617 -0.832824 0.441746 -0.819615 1.19367 -2.239 
0.592525 1.00113 -0.677538 -2.10447 1.44283 -1.168 0.207969 -0.819786 0.433482 -0.832271 1.18808 -2.24562 
0.600416 0.989824 -0.678078 -2.08953 1.44352 -1.16865 0.20833 -0.806761 0.425208 -0.844971 1.18243 -2.25225 
0.608241 0.978431 -0.678686 -2.07469 1.44426 -1.1693 0.208702 -0.793751 0.416924 -0.857716 1.17671 -2.25888 
0.615997 0.966953 -0.679357 -2.05993 1.44505 -1.16996 0.209087 -0.780752 0.408622 -0.870503 1.17094 -2.26551 
0.623686 0.955392 -0.680094 -2.04526 1.44589 -1.17061 0.209482 -0.767769 0.400309 -0.883334 1.16511 -2.27214 
0.631305 0.943749 -0.680896 -2.03068 1.44678 -1.17126 0.209888 -0.754803 0.391983 -0.896207 1.15922 -2.27877 
0.638856 0.932023 -0.681763 -2.0162 1.44771 -1.17191 0.210304 -0.741855 0.383644 -0.909123 1.15327 -2.2854 
0.646336 0.920217 -0.682693 -2.0018 1.4487 -1.17256 0.210731 -0.728926 0.375292 -0.922081 1.14726 -2.29202 
0.653746 0.908329 -0.683687 -1.98749 1.44973 -1.17321 0.211169 -0.716017 0.366926 -0.93508 1.14119 -2.29865 
0.661086 0.896361 -0.684743 -1.97327 1.45082 -1.17386 0.211619 -0.703127 0.358545 -0.948119 1.13507 -2.30528 
0.668354 0.884314 -0.68586 -1.95914 1.45195 -1.17451 0.212079 -0.690259 0.350148 -0.961199 1.12889 -2.3119 
0.675549 0.872187 -0.687038 -1.9451 1.45314 -1.17515 0.212551 -0.677411 0.341735 -0.974317 1.12266 -2.31852 
0.682672 0.859982 -0.688277 -1.93115 1.45438 -1.17579 0.213034 -0.664586 0.333306 -0.987475 1.11637 -2.32514 
0.689722 0.8477 -0.689575 -1.91729 1.45566 -1.17643 0.213529 -0.651783 0.32486 -1.00067 1.11002 -2.33175 
0.696698 0.83534 -0.690931 -1.90352 1.457 -1.17706 0.214036 -0.639003 0.316396 -1.0139 1.10363 -2.33836 
0.703598 0.822905 -0.692346 -1.88984 1.45838 -1.17768 0.214554 -0.626247 0.307914 -1.02717 1.09717 -2.34496 
0.710424 0.810394 -0.693817 -1.87625 1.45982 -1.17831 0.215084 -0.613515 0.299413 -1.04047 1.09067 -2.35156 
0.717173 0.797809 -0.695346 -1.86275 1.4613 -1.17892 0.215627 -0.600807 0.290893 -1.05381 1.08411 -2.35816 
0.723845 0.785151 -0.696929 -1.84933 1.46283 -1.17953 0.216182 -0.588124 0.282354 -1.06719 1.07749 -2.36475 
0.733236 0.76492 -0.700753 -1.82744 1.46282 -1.18162 0.218541 -0.570795 0.270413 -1.08894 1.0672 -2.3753 
0.742345 0.744524 -0.704699 -1.80572 1.46295 -1.18369 0.220935 -0.553489 0.258448 -1.11074 1.05678 -2.38585 
0.751165 0.723968 -0.708763 -1.78415 1.46322 -1.18574 0.22336 -0.536205 0.246457 -1.1326 1.04624 -2.39639 
0.759692 0.70326 -0.71294 -1.76273 1.46363 -1.18779 0.225815 -0.518943 0.234436 -1.1545 1.03557 -2.40691 
0.767918 0.682405 -0.717225 -1.74145 1.46417 -1.18981 0.228296 -0.501701 0.222383 -1.17644 1.02479 -2.4174 
0.775837 0.66141 -0.721613 -1.7203 1.46485 -1.19181 0.230801 -0.484478 0.210297 -1.19842 1.0139 -2.42788 
0.783442 0.640282 -0.726101 -1.69929 1.46566 -1.19378 0.233324 -0.467272 0.198174 -1.22043 1.0029 -2.43833 
0.790726 0.61903 -0.730683 -1.67839 1.4666 -1.19572 0.235864 -0.450079 0.186011 -1.24246 0.991784 -2.44875 
0.797675 0.597655 -0.735354 -1.65759 1.46766 -1.19763 0.238423 -0.432903 0.173807 -1.26452 0.980567 -2.45913 
0.804286 0.576172 -0.740108 -1.6369 1.46886 -1.1995 0.240988 -0.415733 0.161558 -1.2866 0.969246 -2.46948 
0.810549 0.554591 -0.744941 -1.61629 1.47018 -1.20133 0.243553 -0.398567 0.149259 -1.30869 0.957824 -2.47979 
0.816454 0.532921 -0.749846 -1.59577 1.47163 -1.20311 0.246114 -0.3814 0.136907 -1.33079 0.946303 -2.49005 
0.821991 0.511172 -0.754817 -1.57531 1.4732 -1.20484 0.248663 -0.364227 0.124497 -1.35289 0.934685 -2.50025 
0.82715 0.489356 -0.759849 -1.55492 1.4749 -1.20651 0.251193 -0.347042 0.112025 -1.37499 0.922973 -2.5104 
0.831919 0.467485 -0.764935 -1.53457 1.47673 -1.20812 0.253695 -0.32984 0.0994854 -1.39708 0.911169 -2.52048 
0.836286 0.445572 -0.770068 -1.51426 1.47868 -1.20965 0.25616 -0.312613 0.0868712 -1.41916 0.899275 -2.53049 
0.840139 0.423513 -0.775285 -1.4938 1.48061 -1.21117 0.258695 -0.295409 0.0742093 -1.44132 0.887288 -2.54049 
0.843556 0.401441 -0.780532 -1.47335 1.48267 -1.21261 0.261169 -0.278162 0.0614598 -1.46346 0.875216 -2.55041 
0.846524 0.379374 -0.785802 -1.45289 1.48486 -1.21396 0.263569 -0.260863 0.0486144 -1.48556 0.863062 -2.56023 
0.849029 0.357328 -0.791085 -1.43243 1.48718 -1.2152 0.265882 -0.243506 0.0356638 -1.50762 0.850828 -2.56995 
0.851057 0.335318 -0.796375 -1.41194 1.48963 -1.21633 0.268096 -0.226084 0.0225987 -1.52964 0.838517 -2.57956 
0.852596 0.313365 -0.80166 -1.39141 1.49222 -1.21734 0.270194 -0.208586 0.00940717 -1.5516 0.82613 -2.58905 
0.853635 0.291489 -0.806932 -1.37085 1.49494 -1.21822 0.27216 -0.191003 -0.00392233 -1.5735 0.813673 -2.5984 
0.854161 0.269711 -0.812179 -1.35023 1.4978 -1.21896 0.273978 -0.173329 -0.0174028 -1.59533 0.801145 -2.60762 
0.854134 0.248029 -0.817401 -1.32952 1.50077 -1.21955 0.275649 -0.155562 -0.03104 -1.6171 0.788547 -2.61669 
0.853573 0.226489 -0.822577 -1.30875 1.50389 -1.21998 0.277137 -0.137686 -0.0448563 -1.6388 0.775885 -2.6256 
0.852467 0.205114 -0.827695 -1.28791 1.50716 -1.22024 0.278423 -0.119693 -0.0588665 -1.66039 0.763163 -2.63433 
0.850813 0.183928 -0.832742 -1.267 1.51057 -1.2203 0.279491 -0.101579 -0.0730863 -1.68189 0.750384 -2.64287 
0.848601 0.16295 -0.837709 -1.24603 1.51414 -1.22016 0.280325 -0.083339 -0.0875303 -1.70328 0.737551 -2.65121 
0.845833 0.142208 -0.842583 -1.22499 1.51785 -1.21981 0.280909 -0.0649679 -0.102216 -1.72455 0.724667 -2.65933 
0.842509 0.121725 -0.847351 -1.20389 1.52172 -1.21923 0.281225 -0.0464611 -0.117158 -1.74569 0.711736 -2.66722 
0.838634 0.101523 -0.852003 -1.18275 1.52574 -1.21841 0.281261 -0.0278192 -0.132372 -1.7667 0.698762 -2.67488 
0.832379 0.0810409 -0.856807 -1.15949 1.52885 -1.2178 0.281618 -0.00929966 -0.147516 -1.78823 0.685718 -2.68275 
0.825492 0.0609537 -0.861431 -1.13617 1.53217 -1.21689 0.28159 0.00940171 -0.162988 -1.80957 0.672649 -2.69032 
0.817991 0.0412811 -0.865862 -1.1128 1.53569 -1.21567 0.281172 0.0282777 -0.178802 -1.83071 0.659558 -2.69758 
0.809894 0.0220412 -0.870093 -1.08939 1.5394 -1.21414 0.280357 0.0473204 -0.19497 -1.85164 0.646451 -2.70452 
0.801218 0.00324755 -0.874115 -1.06596 1.54329 -1.21229 0.279147 0.0665177 -0.211501 -1.87237 0.633332 -2.71115 
0.791992 -0.015086 -0.877922 -1.04254 1.54735 -1.2101 0.277542 0.0858601 -0.228404 -1.89289 0.620207 -2.71744 
0.78224 -0.0329502 -0.881509 -1.01913 1.55158 -1.20758 0.275548 0.105334 -0.245686 -1.91319 0.607078 -2.7234 
0.77199 -0.0503379 -0.884874 -0.995761 1.55596 -1.20473 0.273172 0.124928 -0.263351 -1.93327 0.593951 -2.72902 
0.761232 -0.0672465 -0.888004 -0.972415 1.56046 -1.20155 0.270433 0.144612 -0.281382 -1.95314 0.580838 -2.73431 
0.750029 -0.0836718 -0.890908 -0.949139 1.56508 -1.19803 0.267336 0.164387 -0.299799 -1.97279 0.567735 -2.73927 
0.738407 -0.099614 -0.893587 -0.925946 1.56981 -1.19418 0.263896 0.184239 -0.318601 -1.99223 0.554646 -2.7439 
0.726394 -0.115075 -0.896042 -0.902848 1.57463 -1.19 0.260128 0.204155 -0.337785 -2.01147 0.541575 -2.74819 
0.714012 -0.130059 -0.898274 -0.879854 1.57953 -1.18549 0.256052 0.224119 -0.357345 -2.03049 0.528528 -2.75217 
0.701287 -0.144571 -0.900288 -0.856977 1.58449 -1.18068 0.251686 0.244121 -0.377278 -2.04932 0.515506 -2.75583 
0.688244 -0.158617 -0.902089 -0.834223 1.58949 -1.17555 0.247048 0.264149 -0.39758 -2.06794 0.502513 -2.75918 
0.674904 -0.172205 -0.903682 -0.811599 1.59453 -1.17012 0.242157 0.284191 -0.418243 -2.08638 0.489552 -2.76222 
0.661117 -0.18531 -0.904993 -0.789012 1.59945 -1.1644 0.237073 0.304104 -0.439089 -2.10459 0.476721 -2.76498 
0.647074 -0.197974 -0.906106 -0.766564 1.60437 -1.15839 0.231772 0.324012 -0.46028 -2.12263 0.463928 -2.76745 
0.63279 -0.210207 -0.907027 -0.744257 1.60928 -1.15211 0.226275 0.343907 -0.481808 -2.14049 0.451179 -2.76965 
0.618284 -0.222018 -0.907761 -0.722095 1.61416 -1.14557 0.220599 0.36378 -0.503664 -2.15818 0.438474 -2.77158 
0.603566 -0.233418 -0.908313 -0.700078 1.619 -1.13876 0.214765 0.383623 -0.525838 -2.17572 0.425818 -2.77325 
0.588653 -0.244415 -0.908692 -0.678206 1.62379 -1.13171 0.208789 0.40343 -0.548324 -2.1931 0.413213 -2.77468 
0.573557 -0.255018 -0.908902 -0.656481 1.62852 -1.12442 0.202685 0.423198 -0.571113 -2.21034 0.400661 -2.77587 
0.558289 -0.265239 -0.908949 -0.634902 1.63317 -1.11691 0.196474 0.44292 -0.594198 -2.22743 0.388164 -2.77683 
0.542848 -0.275082 -0.908834 -0.613462 1.63773 -1.10917 0.190172 0.462577 -0.61755 -2.24439 0.375734 -2.77757 
0.527253 -0.28456 -0.908569 -0.592166 1.64219 -1.10122 0.183791 0.48218 -0.64118 -2.26123 0.363364 -2.7781 
0.511514 -0.293683 -0.908158 -0.571013 1.64655 -1.09308 0.177345 0.501726 -0.66508 -2.27794 0.351057 -2.77843 
0.495637 -0.302458 -0.907607 -0.550001 1.65081 -1.08474 0.170847 0.521213 -0.689243 -2.29454 0.338812 -2.77857 
0.479627 -0.310895 -0.90692 -0.529128 1.65494 -1.07623 0.164311 0.540635 -0.713657 -2.31103 0.326635 -2.77853 
0.463492 -0.319002 -0.906103 -0.508392 1.65896 -1.06754 0.157749 0.559992 -0.738318 -2.32742 0.314524 -2.77832 
0.447236 -0.326786 -0.90516 -0.487792 1.66284 -1.05868 0.151171 0.579283 -0.763217 -2.34371 0.302483 -2.77794 
0.430864 -0.334256 -0.904096 -0.467326 1.66659 -1.04967 0.144588 0.598506 -0.788347 -2.35991 0.290512 -2.77741 
0.436909 -0.34175 -0.895314 -0.477691 1.67296 -1.04835 0.153046 0.609358 -0.792009 -2.3602 0.309665 -2.77833 
0.442936 -0.349067 -0.88647 -0.488097 1.67922 -1.04697 0.161444 0.620237 -0.795747 -2.36045 0.328871 -2.7792 
0.448946 -0.3562 -0.877563 -0.498544 1.68539 -1.04553 0.169778 0.631142 -0.799561 -2.36067 0.348128 -2.78001 
0.454941 -0.363146 -0.868589 -0.509031 1.69145 -1.04404 0.178048 0.642071 -0.803453 -2.36086 0.367434 -2.78077 
0.46092 -0.369899 -0.859545 -0.519558 1.69741 -1.04248 0.186249 0.653026 -0.807425 -2.361 0.386789 -2.78146 
0.466887 -0.376454 -0.850429 -0.530123 1.70327 -1.04085 0.19438 0.664002 -0.811479 -2.36111 0.406188 -2.78208 
0.472843 -0.382807 -0.841238 -0.540725 1.70902 -1.03916 0.202439 0.675 -0.815617 -2.36118 0.425631 -2.78264 
0.47879 -0.388953 -0.831968 -0.551364 1.71467 -1.03739 0.210423 0.686017 -0.81984 -2.3612 0.445113 -2.78311 
0.484721 -0.394885 -0.822618 -0.562034 1.72022 -1.03555 0.218331 0.697054 -0.824148 -2.36117 0.46464 -2.78352 
0.490646 -0.400601 -0.813184 -0.572738 1.72566 -1.03362 0.226159 0.708107 -0.828545 -2.3611 0.484201 -2.78384 
0.496568 -0.406095 -0.803663 -0.583473 1.731 -1.03161 0.233905 0.719175 -0.833032 -2.36098 0.503793 -2.78407 
0.502488 -0.411363 -0.794053 -0.594239 1.73623 -1.0295 0.241565 0.730254 -0.83761 -2.3608 0.523411 -2.78422 
0.508407 -0.4164 -0.784349 -0.605031 1.74136 -1.02731 0.249137 0.741344 -0.842281 -2.36056 0.543054 -2.78427 
0.514328 -0.421203 -0.77455 -0.615849 1.74639 -1.02502 0.256619 0.752441 -0.847046 -2.36027 0.562716 -2.78423 
0.520252 -0.425767 -0.764653 -0.626691 1.75132 -1.02262 0.264008 0.763544 -0.851907 -2.35991 0.582392 -2.78408 
0.526183 -0.430088 -0.754654 -0.637552 1.75615 -1.02012 0.271301 0.774649 -0.856864 -2.35949 0.602078 -2.78383 
0.532032 -0.434144 -0.744541 -0.648384 1.76087 -1.01751 0.278515 0.785771 -0.861906 -2.359 0.621854 -2.78347 
0.537891 -0.437949 -0.734321 -0.659232 1.7655 -1.01479 0.285627 0.796891 -0.867048 -2.35843 0.64163 -2.78299 
0.543762 -0.441497 -0.72399 -0.67009 1.77003 -1.01195 0.292635 0.808005 -0.87229 -2.35779 0.661401 -2.7824 
0.549646 -0.444786 -0.713546 -0.680956 1.77447 -1.00898 0.299536 0.81911 -0.877632 -2.35707 0.681161 -2.78168 
0.555544 -0.447813 -0.702987 -0.691825 1.77881 -1.00589 0.306328 0.830203 -0.883075 -2.35627 0.700906 -2.78084 
0.561459 -0.450575 -0.69231 -0.702693 1.78307 -1.00267 0.313008 0.84128 -0.888619 -2.35538 0.720628 -2.77987 
0.567393 -0.45307 -0.681512 -0.713557 1.78724 -0.999308 0.319573 0.852338 -0.894265 -2.35439 0.740323 -2.77875 
0.573347 -0.455294 -0.670592 -0.724412 1.79133 -0.995809 0.326021 0.863374 -0.900013 -2.35331 0.759982 -2.7775 
0.579307 -0.457244 -0.659544 -0.735245 1.79533 -0.992167 0.332353 0.874387 -0.905861 -2.35213 0.779612 -2.77611 
0.58529 -0.458919 -0.64837 -0.746059 1.79926 -0.988378 0.338563 0.88537 -0.91181 -2.35084 0.799194 -2.77457 
0.591296 -0.460318 -0.637066 -0.756849 1.80312 -0.984438 0.344648 0.89632 -0.917861 -2.34944 0.818721 -2.77288 
0.597327 -0.46144 -0.625632 -0.76761 1.80692 -0.980343 0.350607 0.907233 -0.924013 -2.34792 0.838186 -2.77103 
0.603379 -0.462284 -0.614065 -0.778334 1.81064 -0.976092 0.356438 0.918107 -0.930266 -2.34628 0.857582 -2.76903 
0.609457 -0.462848 -0.602365 -0.789017 1.81431 -0.971679 0.362139 0.928935 -0.936618 -2.34451 0.876901 -2.76686 
0.61556 -0.463132 -0.590529 -0.799653 1.81792 -0.967103 0.367706 0.939716 -0.943069 -2.34261 0.896136 -2.76453 
0.621687 -0.463136 -0.578558 -0.810236 1.82149 -0.962361 0.373139 0.950445 -0.949619 -2.34058 0.915278 -2.76204 
0.626685 -0.462592 -0.566167 -0.820146 1.82465 -0.95745 0.378585 0.961328 -0.956177 -2.33841 0.935219 -2.75938 
0.631709 -0.461754 -0.553638 -0.829994 1.82776 -0.952359 0.383889 0.972154 -0.962837 -2.33609 0.955046 -2.75653 
0.636757 -0.460623 -0.54097 -0.839772 1.83081 -0.947086 0.389049 0.98292 -0.969596 -2.33363 0.974751 -2.75351 
0.641829 -0.459201 -0.528164 -0.849474 1.8338 -0.941629 0.394065 0.993621 -0.976453 -2.331 0.994325 -2.7503 
0.646921 -0.457489 -0.515218 -0.85909 1.83675 -0.935986 0.398936 1.00426 -0.983404 -2.3282 1.01376 -2.74691 
0.652032 -0.455488 -0.502136 -0.868616 1.83965 -0.930157 0.403661 1.01482 -0.990449 -2.32524 1.03305 -2.74332 
0.657161 -0.453202 -0.488916 -0.878043 1.84251 -0.92414 0.408239 1.02531 -0.997585 -2.3221 1.05219 -2.73956 
0.662305 -0.450633 -0.475562 -0.887365 1.84533 -0.917935 0.41267 1.03573 -1.00481 -2.31878 1.07116 -2.7356 
0.66744 -0.447781 -0.462067 -0.896561 1.84811 -0.911539 0.416957 1.04607 -1.01212 -2.31527 1.08998 -2.73145 
0.672584 -0.44465 -0.44844 -0.905637 1.85086 -0.904954 0.421096 1.05633 -1.01952 -2.31157 1.10861 -2.72711 
0.677733 -0.441245 -0.434683 -0.914585 1.85358 -0.898179 0.425088 1.0665 -1.02699 -2.30767 1.12706 -2.72259 
0.682885 -0.437569 -0.420798 -0.923398 1.85627 -0.891215 0.428933 1.07659 -1.03455 -2.30357 1.14531 -2.71787 
0.688032 -0.433625 -0.406786 -0.932067 1.85894 -0.884061 0.432633 1.08659 -1.04218 -2.29926 1.16335 -2.71297 
0.693173 -0.429418 -0.392651 -0.940587 1.86158 -0.87672 0.436187 1.0965 -1.04989 -2.29474 1.18118 -2.70787 
0.698305 -0.42495 -0.378396 -0.94895 1.8642 -0.869191 0.439597 1.10633 -1.05766 -2.29 1.1988 -2.70259 
0.703421 -0.420226 -0.364024 -0.95715 1.86681 -0.861477 0.442862 1.11605 -1.06551 -2.28503 1.21618 -2.69713 
0.708327 -0.415233 -0.349486 -0.965069 1.86929 -0.853578 0.446007 1.12573 -1.07341 -2.27987 1.23343 -2.69147 
0.713209 -0.409994 -0.334839 -0.972813 1.87176 -0.845496 0.449012 1.13531 -1.08138 -2.27447 1.25044 -2.68564 
0.718063 -0.404514 -0.320087 -0.980376 1.8742 -0.837234 0.451879 1.1448 -1.0894 -2.26885 1.26719 -2.67963 
0.722884 -0.398796 -0.305234 -0.987753 1.87661 -0.828794 0.454613 1.15419 -1.09748 -2.263 1.28369 -2.67344 
0.727663 -0.392848 -0.290284 -0.994937 1.879 -0.82018 0.457215 1.16349 -1.10562 -2.25691 1.29993 -2.66707 
0.732399 -0.386673 -0.275242 -1.00193 1.88136 -0.811394 0.459689 1.17269 -1.1138 -2.25058 1.31589 -2.66053 
0.737087 -0.380277 -0.260113 -1.00871 1.88368 -0.802439 0.462036 1.1818 -1.12203 -2.24402 1.33158 -2.65382 
0.741721 -0.373667 -0.2449 -1.01529 1.88597 -0.793319 0.464261 1.19082 -1.13031 -2.23723 1.34698 -2.64695 
0.746273 -0.366847 -0.229605 -1.02166 1.88821 -0.784039 0.466371 1.19975 -1.13863 -2.2302 1.36211 -2.63992 
0.750761 -0.359823 -0.214238 -1.02781 1.89041 -0.774601 0.468366 1.20859 -1.14698 -2.22293 1.37694 -2.63273 
0.755182 -0.352602 -0.198802 -1.03374 1.89256 -0.76501 0.47025 1.21734 -1.15538 -2.21543 1.39148 -2.62539 
0.75953 -0.345189 -0.183305 -1.03947 1.89466 -0.75527 0.472029 1.22601 -1.1638 -2.20769 1.40572 -2.6179 
0.763799 -0.33759 -0.16775 -1.04498 1.8967 -0.745386 0.473706 1.23458 -1.17225 -2.19973 1.41965 -2.61026 
0.767988 -0.329811 -0.152143 -1.05027 1.89869 -0.735361 0.475287 1.24307 -1.18073 -2.19153 1.43327 -2.60248 
0.772091 -0.321857 -0.136489 -1.05534 1.90061 -0.725201 0.476776 1.25148 -1.18924 -2.18311 1.44659 -2.59457 
0.776107 -0.313735 -0.120794 -1.06021 1.90246 -0.71491 0.478178 1.25981 -1.19776 -2.17447 1.45959 -2.58653 
0.774235 -0.305308 -0.105779 -1.06335 1.90032 -0.706471 0.481051 1.26801 -1.20618 -2.16574 1.47401 -2.58034 
0.772305 -0.296781 -0.0907749 -1.06645 1.89806 -0.697917 0.483909 1.27618 -1.2146 -2.15693 1.48821 -2.57403 
0.770314 -0.288155 -0.0757844 -1.06951 1.8957 -0.689251 0.486755 1.28432 -1.22304 -2.14804 1.5022 -2.56761 
0.768262 -0.279436 -0.0608114 -1.07253 1.89322 -0.680475 0.489593 1.29244 -1.23149 -2.13908 1.51597 -2.56109 
0.766147 -0.270625 -0.0458597 -1.07551 1.89063 -0.67159 0.492425 1.30054 -1.23994 -2.13005 1.52952 -2.55445 
0.763967 -0.261727 -0.0309328 -1.07846 1.88793 -0.662598 0.495255 1.30862 -1.24841 -2.12095 1.54285 -2.54771 
0.761723 -0.252743 -0.0160342 -1.08138 1.88512 -0.6535 0.498085 1.31668 -1.25688 -2.11179 1.55596 -2.54086 
0.759414 -0.243677 -0.00116727 -1.08428 1.88219 -0.644297 0.500918 1.32473 -1.26535 -2.10257 1.56885 -2.5339 
0.75703 -0.234532 0.0136635 -1.08717 1.87914 -0.634994 0.503759 1.33277 -1.27383 -2.0933 1.58153 -2.52685 
0.75458 -0.225309 0.0284559 -1.09004 1.87597 -0.625588 0.506609 1.3408 -1.28231 -2.08397 1.59398 -2.51969 
0.752064 -0.216011 0.0432066 -1.0929 1.87269 -0.616081 0.509469 1.34882 -1.29078 -2.0746 1.60622 -2.51243 
0.749481 -0.20664 0.0579124 -1.09577 1.86929 -0.606474 0.512343 1.35684 -1.29926 -2.06517 1.61823 -2.50507 
0.746831 -0.197198 0.07257 -1.09863 1.86577 -0.596768 0.515233 1.36486 -1.30773 -2.05571 1.63002 -2.49761 
0.744114 -0.187686 0.0871766 -1.10151 1.86214 -0.586964 0.51814 1.37288 -1.3162 -2.0462 1.64158 -2.49006 
0.741332 -0.178107 0.101729 -1.1044 1.85838 -0.577062 0.521067 1.38091 -1.32466 -2.03666 1.65292 -2.4824 
0.738484 -0.168463 0.116225 -1.10731 1.85451 -0.567064 0.524016 1.38893 -1.33311 -2.02709 1.66403 -2.47465 
0.735503 -0.15876 0.130654 -1.11025 1.85047 -0.556996 0.527015 1.39697 -1.34156 -2.0175 1.67495 -2.46683 
0.732458 -0.148994 0.14502 -1.11323 1.84631 -0.546832 0.530039 1.40502 -1.34999 -2.00789 1.68563 -2.45892 
0.729349 -0.139167 0.159321 -1.11624 1.84204 -0.536574 0.533091 1.41308 -1.35842 -1.99826 1.69608 -2.45091 
0.726177 -0.12928 0.173552 -1.11929 1.83765 -0.526222 0.536172 1.42115 -1.36683 -1.98862 1.7063 -2.4428 
0.722943 -0.119335 0.187713 -1.1224 1.83314 -0.515777 0.539284 1.42924 -1.37523 -1.97897 1.71629 -2.43461 
0.719646 -0.109332 0.201799 -1.12556 1.82852 -0.50524 0.542426 1.43734 -1.38361 -1.96931 1.72605 -2.42632 
0.71629 -0.0992726 0.215809 -1.12879 1.82379 -0.494612 0.545602 1.44546 -1.39198 -1.95965 1.73557 -2.41794 
0.712873 -0.0891573 0.22974 -1.13209 1.81895 -0.483893 0.548811 1.4536 -1.40033 -1.94999 1.74484 -2.40947 
0.709391 -0.0789879 0.243589 -1.13546 1.81399 -0.473086 0.552058 1.46177 -1.40866 -1.94034 1.75389 -2.40091 
0.705852 -0.0687646 0.257355 -1.13891 1.80892 -0.462191 0.55534 1.46995 -1.41697 -1.93071 1.76269 -2.39226 
0.702256 -0.0584881 0.271034 -1.14245 1.80374 -0.451207 0.558658 1.47816 -1.42527 -1.92109 1.77124 -2.38353 
0.698605 -0.0481592 0.284625 -1.14608 1.79847 -0.440135 0.562012 1.48639 -1.43353 -1.91149 1.77955 -2.3747 
0.694899 -0.0377785 0.298125 -1.14981 1.79309 -0.428977 0.565403 1.49465 -1.44178 -1.90192 1.78761 -2.36579 
0.691141 -0.0273468 0.311532 -1.15365 1.78761 -0.417733 0.568831 1.50294 -1.45 -1.89238 1.79542 -2.3568 
0.687331 -0.0168644 0.324845 -1.15759 1.78204 -0.406404 0.572296 1.51125 -1.45819 -1.88288 1.80298 -2.34772 
0.683472 -0.00633219 0.338061 -1.16166 1.77638 -0.394991 0.575798 1.5196 -1.46636 -1.87342 1.81029 -2.33855 
0.679054 0.00420039 0.351132 -1.16614 1.77025 -0.383746 0.579631 1.52788 -1.47455 -1.86397 1.81757 -2.32955 
0.674589 0.0147776 0.3641 -1.17076 1.76404 -0.372415 0.583502 1.5362 -1.48271 -1.85459 1.8246 -2.32047 
0.670078 0.0253989 0.376962 -1.17553 1.75776 -0.360999 0.587408 1.54456 -1.49084 -1.84527 1.83138 -2.3113 
0.665522 0.0360637 0.389718 -1.18045 1.7514 -0.349498 0.59135 1.55294 -1.49894 -1.83602 1.8379 -2.30205 
0.660921 0.0467713 0.402365 -1.18553 1.74499 -0.337915 0.595327 1.56137 -1.507 -1.82684 1.84416 -2.29271 
0.656279 0.0575213 0.414902 -1.19076 1.73851 -0.326249 0.599338 1.56983 -1.51503 -1.81775 1.85016 -2.2833 
0.651595 0.068313 0.427326 -1.19616 1.73198 -0.314503 0.603381 1.57832 -1.52302 -1.80875 1.85589 -2.2738 
0.646872 0.0791459 0.439638 -1.20173 1.7254 -0.302677 0.607454 1.58686 -1.53097 -1.79984 1.86137 -2.26422 
0.642104 0.090018 0.451833 -1.20748 1.71878 -0.290777 0.611562 1.59542 -1.53888 -1.79102 1.86658 -2.25457 
0.637299 0.10093 0.463913 -1.21341 1.71211 -0.2788 0.615697 1.60403 -1.54675 -1.78231 1.87153 -2.24484 
0.632458 0.111881 0.475875 -1.21952 1.70542 -0.266747 0.619859 1.61267 -1.55458 -1.77371 1.87621 -2.23504 
0.627582 0.122871 0.487717 -1.22582 1.69871 -0.254621 0.624044 1.62136 -1.56236 -1.76523 1.88063 -2.22516 
0.622673 0.133898 0.49944 -1.23231 1.69198 -0.242423 0.628253 1.63008 -1.57009 -1.75686 1.88478 -2.21521 
0.617731 0.144963 0.511042 -1.239 1.68523 -0.230154 0.632482 1.63884 -1.57778 -1.74863 1.88866 -2.20519 
0.612759 0.156064 0.522521 -1.24588 1.67849 -0.217816 0.636728 1.64764 -1.58541 -1.74052 1.89227 -2.1951 
0.607757 0.1672 0.533877 -1.25297 1.67175 -0.205411 0.64099 1.65649 -1.593 -1.73256 1.89562 -2.18494 
0.602671 0.178356 0.545105 -1.26032 1.665 -0.192977 0.645303 1.66534 -1.60054 -1.72472 1.89872 -2.17476 
0.597557 0.189545 0.556209 -1.26788 1.65827 -0.180479 0.649626 1.67423 -1.60803 -1.71704 1.90156 -2.16451 
0.592416 0.200766 0.567187 -1.27565 1.65158 -0.167919 0.653956 1.68317 -1.61545 -1.70952 1.90413 -2.15419 
0.58725 0.212019 0.578038 -1.28363 1.64491 -0.155298 0.658292 1.69214 -1.62283 -1.70215 1.90644 -2.14382 
0.582059 0.223302 0.588761 -1.29183 1.6383 -0.14262 0.66263 1.70116 -1.63014 -1.69496 1.90849 -2.13339 
0.576844 0.234614 0.599357 -1.30024 1.63173 -0.129885 0.666966 1.71022 -1.63739 -1.68795 1.91027 -2.1229 
0.571608 0.245955 0.609823 -1.30886 1.62523 -0.117097 0.671299 1.71933 -1.64457 -1.68111 1.9118 -2.11236 
0.56635 0.257324 0.620161 -1.31771 1.6188 -0.104257 0.675624 1.72847 -1.65169 -1.67446 1.91307 -2.10177 
0.561066 0.268715 0.630368 -1.32677 1.61244 -0.0913732 0.679944 1.73766 -1.65875 -1.668 1.91409 -2.09114 
0.555762 0.280132 0.640445 -1.33606 1.60617 -0.0784419 0.684249 1.74689 -1.66573 -1.66174 1.91485 -2.08045 
0.55044 0.291573 0.650391 -1.34556 1.6 -0.0654659 0.688538 1.75616 -1.67265 -1.65568 1.91536 -2.06973 
0.545101 0.303036 0.660206 -1.35528 1.59392 -0.0524477 0.692806 1.76548 -1.67949 -1.64983 1.91563 -2.05896 
0.539745 0.314521 0.669889 -1.36521 1.58796 -0.0393905 0.697052 1.77484 -1.68626 -1.6442 1.91565 -2.04815 
0.534374 0.326025 0.67944 -1.37536 1.58211 -0.0262962 0.70127 1.78424 -1.69295 -1.63878 1.91543 -2.0373 
0.528988 0.337549 0.688858 -1.38572 1.57639 -0.0131675 0.705457 1.79369 -1.69956 -1.63358 1.91498 -2.02642 
0.5236 0.34907 0.69813 -1.3963 1.5708 0 0.7096 1.8032 -1.7061 -1.6286 1.9143 -2.0155 

