569
-0.59 1.48 -1.57 -1.36 -0.4 0 1.0144 0.504505 -0.149664 1.6056 -1.17541 0.157832 
-0.595264 1.48388 -1.55787 -1.3322 -0.413759 0.00676781 1.01498 0.515127 -0.143304 1.59523 -1.1708 0.139979 
-0.600276 1.48798 -1.54555 -1.30452 -0.427659 0.0135017 1.01542 0.525804 -0.136897 1.585 -1.16628 0.122092 
-0.605026 1.4923 -1.53305 -1.27696 -0.441702 0.0202035 1.01571 0.536537 -0.130445 1.57491 -1.16186 0.104173 
-0.609504 1.49683 -1.52037 -1.24952 -0.455895 0.026875 1.01586 0.547323 -0.123947 1.56495 -1.15753 0.0862231 
-0.608235 1.49644 -1.51025 -1.2252 -0.459371 0.0111207 1.01628 0.54512 -0.114727 1.56421 -1.15625 0.0826855 
-0.606866 1.49607 -1.50011 -1.2009 -0.46295 -0.00462534 1.01669 0.542925 -0.105491 1.56353 -1.15505 0.0791561 
-0.605393 1.49573 -1.48995 -1.17662 -0.466634 -0.0203619 1.01708 0.540741 -0.0962381 1.56292 -1.15393 0.0756362 
-0.603817 1.49542 -1.47976 -1.15237 -0.470423 -0.0360878 1.01746 0.538565 -0.0869688 1.56239 -1.1529 0.072127 
-0.602134 1.49513 -1.46955 -1.12814 -0.474318 -0.0518016 1.01783 0.536399 -0.0776837 1.56193 -1.15194 0.0686299 
-0.600343 1.49486 -1.45932 -1.10393 -0.478318 -0.0675021 1.01818 0.534241 -0.0683827 1.56154 -1.15107 0.065146 
-0.598441 1.49461 -1.44907 -1.07975 -0.482425 -0.083188 1.01852 0.532092 -0.0590661 1.56123 -1.15028 0.0616769 
-0.596428 1.49438 -1.4388 -1.05559 -0.486638 -0.0988577 1.01883 0.529952 -0.0497344 1.56101 -1.14958 0.0582238 
-0.59942 1.4901 -1.42475 -1.05051 -0.499999 -0.0880503 1.01687 0.52966 -0.0421985 1.55302 -1.14188 0.0489891 
-0.602345 1.48586 -1.41068 -1.04544 -0.51334 -0.0772735 1.01481 0.52936 -0.0346904 1.54498 -1.13417 0.0397237 
-0.605202 1.48165 -1.3966 -1.04039 -0.526661 -0.0665275 1.01263 0.529053 -0.0272109 1.53686 -1.12646 0.0304276 
-0.607991 1.47748 -1.38251 -1.03537 -0.539962 -0.0558122 1.01034 0.528738 -0.0197609 1.52868 -1.11874 0.0211008 
-0.610711 1.47335 -1.3684 -1.03036 -0.553243 -0.0451275 1.00795 0.528413 -0.0123411 1.52043 -1.11103 0.0117433 
-0.613363 1.46925 -1.35428 -1.02538 -0.566504 -0.0344736 1.00545 0.528078 -0.00495229 1.51212 -1.10331 0.00235506 
-0.615945 1.46518 -1.34016 -1.02042 -0.579745 -0.0238504 1.00284 0.527733 0.00240477 1.50375 -1.0956 -0.00706388 
-0.618457 1.46116 -1.32602 -1.01547 -0.592965 -0.0132579 1.00013 0.527376 0.00972931 1.49531 -1.08788 -0.0165135 
-0.620496 1.45187 -1.31234 -1.02768 -0.592899 0.0041034 1.00038 0.534157 0.0107448 1.48128 -1.09265 -0.0120724 
-0.622501 1.44258 -1.29867 -1.03991 -0.592873 0.0214363 1.00049 0.540951 0.0117812 1.46725 -1.09749 -0.00765956 
-0.624474 1.4333 -1.28501 -1.05219 -0.592888 0.0387405 1.00045 0.547756 0.0128375 1.45323 -1.10242 -0.00327555 
-0.626414 1.42402 -1.27136 -1.0645 -0.592944 0.0560154 1.00027 0.554572 0.0139129 1.43922 -1.10742 0.00107925 
-0.628321 1.41474 -1.25772 -1.07684 -0.593042 0.0732607 0.999944 0.561397 0.0150063 1.42521 -1.1125 0.00540437 
-0.630195 1.40547 -1.2441 -1.08922 -0.593183 0.0904758 0.999478 0.56823 0.0161168 1.4112 -1.11767 0.00969935 
-0.632037 1.39619 -1.23049 -1.10163 -0.593367 0.10766 0.998871 0.575069 0.0172432 1.3972 -1.12291 0.0139637 
-0.633845 1.38692 -1.21689 -1.11407 -0.593594 0.124814 0.998121 0.581914 0.0183846 1.38321 -1.12824 0.0181969 
-0.63193 1.38047 -1.19912 -1.11016 -0.593375 0.116296 0.998 0.585672 0.0318095 1.36804 -1.13603 0.0392994 
-0.629963 1.374 -1.18137 -1.10629 -0.593231 0.107764 0.997674 0.589456 0.04527 1.35294 -1.14393 0.0603882 
-0.627944 1.36752 -1.16363 -1.10244 -0.593163 0.0992167 0.997142 0.593263 0.0587631 1.33791 -1.15193 0.0814615 
-0.625871 1.36103 -1.14591 -1.09863 -0.593169 0.0906519 0.996401 0.597089 0.072286 1.32294 -1.16004 0.102517 
-0.623745 1.35453 -1.12822 -1.09486 -0.593249 0.0820674 0.995451 0.600931 0.0858356 1.30803 -1.16826 0.123553 
-0.621565 1.34801 -1.11056 -1.09112 -0.593403 0.0734613 0.994288 0.604787 0.0994088 1.29318 -1.17658 0.144568 
-0.619329 1.34147 -1.09292 -1.08741 -0.59363 0.0648313 0.992911 0.608654 0.113002 1.27838 -1.18502 0.165558 
-0.617037 1.33492 -1.07531 -1.08374 -0.593929 0.0561752 0.991317 0.612529 0.126613 1.26363 -1.19356 0.186523 
-0.620005 1.32977 -1.07676 -1.10219 -0.600013 0.056576 0.987936 0.602459 0.129732 1.25777 -1.18368 0.200698 
-0.622905 1.32454 -1.07828 -1.12056 -0.606077 0.0570091 0.984466 0.592385 0.132795 1.25185 -1.17377 0.214906 
-0.625732 1.31924 -1.07988 -1.13885 -0.612119 0.0574759 0.98091 0.582306 0.135799 1.24588 -1.16385 0.229148 
-0.628485 1.31385 -1.08156 -1.15706 -0.61814 0.0579774 0.977266 0.572224 0.138744 1.23985 -1.15389 0.243424 
-0.631161 1.30838 -1.08331 -1.17519 -0.624139 0.0585148 0.973535 0.562139 0.14163 1.23377 -1.14392 0.257736 
-0.633755 1.30284 -1.08514 -1.19324 -0.630118 0.0590891 0.969716 0.552051 0.144458 1.22764 -1.13392 0.272085 
-0.636267 1.29721 -1.08704 -1.2112 -0.636074 0.0597014 0.96581 0.541962 0.147225 1.22147 -1.1239 0.286473 
-0.638692 1.29151 -1.08901 -1.22908 -0.642009 0.0603527 0.961816 0.53187 0.149933 1.21525 -1.11386 0.300899 
-0.635548 1.27591 -1.08504 -1.24752 -0.631892 0.0544091 0.960998 0.516372 0.151968 1.21877 -1.11296 0.31518 
-0.632192 1.2604 -1.08099 -1.266 -0.621775 0.0484697 0.960032 0.500922 0.153993 1.22233 -1.11201 0.329465 
-0.628624 1.24501 -1.07686 -1.28453 -0.611656 0.0425342 0.958917 0.485523 0.156012 1.22596 -1.11102 0.343753 
-0.624848 1.22972 -1.07265 -1.30312 -0.601535 0.0366024 0.957654 0.47018 0.158025 1.22963 -1.10997 0.358046 
-0.620865 1.21454 -1.06836 -1.32175 -0.591409 0.030674 0.956242 0.454894 0.160035 1.23336 -1.10887 0.372342 
-0.616677 1.19949 -1.06399 -1.34044 -0.581279 0.0247489 0.954683 0.439669 0.162044 1.23715 -1.10771 0.386641 
-0.612288 1.18455 -1.05953 -1.35917 -0.571142 0.0188271 0.952976 0.424508 0.164053 1.24099 -1.10649 0.400944 
-0.6077 1.16975 -1.05497 -1.37796 -0.560997 0.0129083 0.951121 0.409414 0.166064 1.24488 -1.1052 0.415249 
-0.60657 1.15298 -1.02921 -1.37182 -0.563683 0.0172352 0.946258 0.403749 0.175282 1.23439 -1.1025 0.408731 
-0.605369 1.13624 -1.00349 -1.36563 -0.566251 0.0215681 0.941186 0.398107 0.184443 1.22381 -1.09973 0.402219 
-0.604096 1.11951 -0.977823 -1.3594 -0.568702 0.0259081 0.935907 0.392491 0.193546 1.21316 -1.0969 0.395715 
-0.602748 1.10279 -0.952202 -1.35311 -0.571035 0.0302558 0.93042 0.386901 0.202588 1.20243 -1.09402 0.389217 
-0.601323 1.08609 -0.926636 -1.34677 -0.57325 0.0346126 0.924725 0.381336 0.211566 1.19162 -1.09108 0.382729 
-0.599821 1.06941 -0.901127 -1.34036 -0.575346 0.038979 0.918823 0.375798 0.220478 1.18073 -1.08807 0.376251 
-0.598237 1.05274 -0.87568 -1.3339 -0.577323 0.043356 0.912713 0.370287 0.229321 1.16975 -1.085 0.369783 
-0.596571 1.0361 -0.850298 -1.32737 -0.57918 0.0477447 0.906397 0.364804 0.238092 1.15869 -1.08187 0.363327 
-0.591776 1.01981 -0.840558 -1.32032 -0.57739 0.0281929 0.900577 0.336803 0.240955 1.17322 -1.0605 0.353419 
-0.586703 1.00367 -0.830776 -1.31338 -0.575609 0.00859604 0.894248 0.309013 0.243915 1.18789 -1.03911 0.343466 
-0.581355 0.987675 -0.820948 -1.30654 -0.573826 -0.0110412 0.887405 0.281451 0.246984 1.20272 -1.0177 0.333472 
-0.575735 0.971845 -0.811069 -1.2998 -0.572031 -0.0307138 0.880042 0.254135 0.250169 1.21771 -0.996267 0.323443 
-0.576185 0.953445 -0.801271 -1.31928 -0.571705 -0.0180153 0.872836 0.246265 0.241125 1.21883 -0.984074 0.317682 
-0.576429 0.935053 -0.791506 -1.33867 -0.571326 -0.00523011 0.865425 0.238562 0.232107 1.22006 -0.971766 0.312008 
-0.576467 0.916676 -0.781772 -1.35799 -0.570895 0.00764145 0.857808 0.231029 0.223118 1.22138 -0.959345 0.306421 
-0.576298 0.898318 -0.772069 -1.37723 -0.570411 0.0205991 0.849988 0.22367 0.214159 1.2228 -0.946813 0.300919 
-0.575923 0.879985 -0.762394 -1.39638 -0.569876 0.0336426 0.841964 0.216488 0.205233 1.22431 -0.934173 0.295504 
-0.575341 0.861683 -0.752747 -1.41546 -0.569289 0.0467713 0.833738 0.209487 0.196341 1.22593 -0.921427 0.290173 
-0.574554 0.843416 -0.743126 -1.43446 -0.568649 0.0599847 0.825312 0.202671 0.187486 1.22764 -0.908575 0.284928 
-0.573561 0.82519 -0.73353 -1.45338 -0.567958 0.0732822 0.816686 0.196041 0.178668 1.22946 -0.895622 0.279766 
-0.569404 0.811209 -0.711864 -1.44019 -0.566266 0.0606839 0.809583 0.18639 0.188455 1.22433 -0.888066 0.280626 
-0.565123 0.797257 -0.690291 -1.42692 -0.564461 0.0481033 0.802308 0.176799 0.198156 1.21911 -0.880445 0.281504 
-0.560716 0.783334 -0.668817 -1.41355 -0.562541 0.035541 0.794858 0.16727 0.207766 1.2138 -0.872756 0.282401 
-0.55618 0.769441 -0.647448 -1.4001 -0.560505 0.0229977 0.787232 0.157806 0.217279 1.20839 -0.864998 0.283316 
-0.551513 0.755577 -0.62619 -1.38654 -0.558349 0.0104739 0.779429 0.14841 0.226692 1.20289 -0.857168 0.284251 
-0.546712 0.741746 -0.605051 -1.37288 -0.556073 -0.00202968 0.771445 0.139084 0.235998 1.19729 -0.849263 0.285206 
-0.541776 0.727949 -0.584038 -1.35912 -0.553674 -0.0145124 0.763281 0.129832 0.245192 1.19158 -0.841283 0.286182 
-0.536702 0.714186 -0.563158 -1.34524 -0.55115 -0.0269736 0.754935 0.120658 0.254268 1.18577 -0.833224 0.287179 
-0.527979 0.699772 -0.543996 -1.33428 -0.537579 -0.0264476 0.749524 0.111993 0.263858 1.18257 -0.835138 0.277859 
-0.519107 0.68537 -0.525085 -1.32314 -0.523802 -0.02589 0.743861 0.103453 0.273274 1.17919 -0.836918 0.26857 
-0.510086 0.670985 -0.506437 -1.3118 -0.509817 -0.0253 0.737941 0.0950467 0.28251 1.17562 -0.838558 0.259314 
-0.500914 0.656622 -0.488064 -1.30026 -0.495624 -0.0246765 0.73176 0.0867805 0.291557 1.17185 -0.84005 0.250091 
-0.491591 0.642286 -0.469979 -1.28853 -0.481219 -0.0240191 0.725315 0.0786627 0.300406 1.16788 -0.841389 0.240902 
-0.482117 0.627985 -0.452196 -1.27659 -0.466606 -0.0233264 0.718603 0.070701 0.309051 1.1637 -0.842568 0.231748 
-0.472492 0.613723 -0.43473 -1.26445 -0.451784 -0.0225975 0.711621 0.0629033 0.317482 1.15929 -0.843581 0.222631 
-0.462718 0.59951 -0.417594 -1.25211 -0.436754 -0.0218313 0.704367 0.0552783 0.325691 1.15465 -0.844419 0.213551 
-0.467092 0.605562 -0.409045 -1.2348 -0.447547 -0.0236024 0.706625 0.0648245 0.337416 1.13415 -0.853803 0.221615 
-0.471234 0.611775 -0.400386 -1.21762 -0.458492 -0.0254252 0.708556 0.0745011 0.349246 1.11379 -0.863324 0.229628 
-0.475136 0.618145 -0.391623 -1.20059 -0.469588 -0.0273021 0.710153 0.0843035 0.361172 1.09357 -0.872981 0.237587 
-0.478791 0.624669 -0.382765 -1.1837 -0.480834 -0.0292358 0.711412 0.0942273 0.373186 1.0735 -0.882771 0.245489 
-0.482191 0.631343 -0.373818 -1.16695 -0.492227 -0.0312287 0.712327 0.104267 0.385278 1.05357 -0.892694 0.253332 
-0.485332 0.638165 -0.364791 -1.15035 -0.503766 -0.0332835 0.712893 0.114419 0.39744 1.03378 -0.902748 0.261113 
-0.488206 0.64513 -0.355694 -1.1339 -0.515449 -0.0354031 0.713107 0.124677 0.409662 1.01412 -0.91293 0.268829 
-0.490808 0.652235 -0.346534 -1.11759 -0.527274 -0.0375899 0.712962 0.135036 0.421933 0.994596 -0.923239 0.276478 
-0.492772 0.645287 -0.332342 -1.10307 -0.534889 -0.0637561 0.709383 0.139137 0.41525 0.995722 -0.916 0.284504 
-0.494658 0.638368 -0.318075 -1.08859 -0.542573 -0.0899137 0.705779 0.143249 0.408616 0.996942 -0.908794 0.292538 
-0.496465 0.631478 -0.303733 -1.07417 -0.550323 -0.116063 0.702149 0.147371 0.402029 0.998255 -0.901623 0.300581 
-0.498191 0.624616 -0.289318 -1.0598 -0.558141 -0.142202 0.698493 0.151502 0.39549 0.99966 -0.89449 0.308633 
-0.499834 0.61778 -0.27483 -1.04548 -0.566027 -0.168333 0.69481 0.155644 0.388999 1.00116 -0.887394 0.316694 
-0.501392 0.610971 -0.26027 -1.03122 -0.57398 -0.194454 0.691099 0.159795 0.382554 1.00275 -0.880339 0.324765 
-0.502863 0.604187 -0.245639 -1.01702 -0.582 -0.220565 0.687359 0.163954 0.376156 1.00443 -0.873325 0.332846 
-0.504244 0.597427 -0.230937 -1.00288 -0.590087 -0.246665 0.683589 0.168122 0.369803 1.0062 -0.866353 0.340938 
-0.507754 0.601518 -0.219694 -0.990277 -0.612706 -0.244139 0.677364 0.168614 0.377983 0.991122 -0.855189 0.336139 
-0.510977 0.605807 -0.208429 -0.977738 -0.635312 -0.241659 0.670972 0.169135 0.386017 0.975973 -0.844036 0.331295 
-0.513909 0.610293 -0.197146 -0.965258 -0.657903 -0.239224 0.664414 0.169685 0.393903 0.960757 -0.832894 0.326406 
-0.516546 0.614968 -0.185849 -0.952837 -0.680479 -0.236832 0.657689 0.170265 0.401637 0.945476 -0.821766 0.321473 
-0.518884 0.61983 -0.174542 -0.940474 -0.703037 -0.234482 0.650798 0.170873 0.409217 0.930134 -0.810652 0.316499 
-0.520918 0.624873 -0.16323 -0.928167 -0.725576 -0.232172 0.643741 0.17151 0.41664 0.914731 -0.799554 0.311485 
-0.522646 0.630092 -0.151919 -0.915915 -0.748095 -0.2299 0.63652 0.172177 0.4239 0.89927 -0.788474 0.306433 
-0.524063 0.635482 -0.140612 -0.903717 -0.770591 -0.227664 0.629135 0.172872 0.430997 0.883754 -0.777413 0.301345 
-0.52119 0.638731 -0.139697 -0.889618 -0.781492 -0.235848 0.625219 0.159827 0.434465 0.894092 -0.758275 0.284286 
-0.518141 0.642051 -0.138712 -0.875692 -0.792471 -0.244051 0.621052 0.146862 0.438031 0.904584 -0.739224 0.267208 
-0.514918 0.645442 -0.137659 -0.861939 -0.803521 -0.252274 0.616631 0.13398 0.441698 0.915226 -0.720263 0.250111 
-0.511523 0.648904 -0.136539 -0.848362 -0.81464 -0.260517 0.611952 0.121186 0.445468 0.926013 -0.701392 0.232994 
-0.507958 0.652437 -0.135356 -0.834962 -0.825821 -0.268779 0.607013 0.108483 0.449343 0.936942 -0.682615 0.215858 
-0.504223 0.65604 -0.134112 -0.82174 -0.837061 -0.27706 0.601809 0.0958766 0.453327 0.948009 -0.663932 0.198703 
-0.500322 0.659713 -0.132809 -0.808696 -0.848354 -0.285361 0.59634 0.0833704 0.457419 0.959208 -0.645347 0.181528 
-0.496254 0.663457 -0.13145 -0.79583 -0.859693 -0.293681 0.590601 0.0709694 0.461622 0.970535 -0.626858 0.164333 
-0.490948 0.655424 -0.119119 -0.785522 -0.862677 -0.317726 0.581738 0.0628333 0.464524 0.969667 -0.614641 0.175731 
-0.48552 0.647441 -0.106881 -0.775147 -0.8656 -0.341761 0.572762 0.0547935 0.467338 0.96877 -0.602385 0.187138 
-0.479969 0.639509 -0.094738 -0.764704 -0.868462 -0.365786 0.563674 0.046853 0.47006 0.967842 -0.590089 0.198555 
-0.474296 0.631631 -0.0826954 -0.754188 -0.871261 -0.389802 0.554472 0.039015 0.472688 0.966881 -0.577755 0.209981 
-0.468498 0.623806 -0.0707569 -0.743598 -0.873998 -0.413809 0.545159 0.0312822 0.475217 0.965887 -0.56538 0.221416 
-0.462576 0.616039 -0.0589275 -0.732931 -0.876672 -0.437806 0.535734 0.0236584 0.477643 0.964858 -0.552966 0.232861 
-0.456528 0.608329 -0.0472115 -0.722184 -0.879282 -0.461795 0.526199 0.0161468 0.479963 0.963794 -0.540513 0.244315 
-0.450355 0.60068 -0.0356136 -0.711356 -0.881829 -0.485774 0.516554 0.00875079 0.482173 0.962695 -0.528021 0.255777 
-0.446711 0.606683 -0.0268616 -0.696388 -0.897857 -0.474603 0.510543 0.00718062 0.490516 0.953216 -0.521615 0.237229 
-0.44281 0.612752 -0.0181648 -0.681447 -0.913909 -0.46341 0.504391 0.00566036 0.498746 0.943755 -0.515268 0.218703 
-0.438653 0.618886 -0.00953063 -0.666529 -0.929981 -0.452194 0.498095 0.00419204 0.506857 0.934311 -0.508979 0.2002 
-0.434239 0.625081 -0.000966993 -0.651628 -0.946069 -0.440951 0.491657 0.00277806 0.514844 0.924886 -0.502747 0.181723 
-0.429567 0.631334 0.0075186 -0.636741 -0.962172 -0.429681 0.485072 0.00142032 0.522701 0.915477 -0.496571 0.163274 
-0.424637 0.637645 0.015918 -0.621862 -0.978285 -0.418381 0.478342 0.000121863 0.530421 0.906087 -0.49045 0.144855 
-0.419449 0.644009 0.0242233 -0.606989 -0.994403 -0.407048 0.471465 -0.00111475 0.537999 0.896715 -0.484382 0.126469 
-0.414003 0.650425 0.0324265 -0.592115 -1.01052 -0.395682 0.464441 -0.00228664 0.545429 0.887361 -0.478366 0.108116 
-0.405767 0.663006 0.0314846 -0.57614 -1.02495 -0.406553 0.457026 -0.0124678 0.560334 0.879997 -0.469445 0.110001 
-0.397302 0.675651 0.0303574 -0.560101 -1.03932 -0.417402 0.449402 -0.0225277 0.575032 0.872622 -0.46056 0.111909 
-0.388611 0.688359 0.0290344 -0.543993 -1.05364 -0.428226 0.441566 -0.0324603 0.589513 0.865235 -0.451711 0.113841 
-0.379696 0.701126 0.0275053 -0.527808 -1.06789 -0.439024 0.433514 -0.0422592 0.603771 0.857837 -0.442897 0.115799 
-0.370558 0.71395 0.0257599 -0.511542 -1.08206 -0.449796 0.425246 -0.0519174 0.617796 0.850426 -0.434117 0.117783 
-0.3612 0.726828 0.0237872 -0.49519 -1.09615 -0.460541 0.416757 -0.0614282 0.63158 0.843004 -0.425373 0.119795 
-0.351625 0.739756 0.0215764 -0.478746 -1.11015 -0.471257 0.408048 -0.0707841 0.645114 0.835571 -0.416662 0.121836 
-0.341836 0.752733 0.0191167 -0.462205 -1.12406 -0.481943 0.399116 -0.0799774 0.658388 0.828128 -0.407985 0.123905 
-0.336518 0.753571 0.0339508 -0.448804 -1.14277 -0.476299 0.390106 -0.0734912 0.65564 0.820941 -0.400651 0.110004 
-0.330929 0.754452 0.0486639 -0.435404 -1.16145 -0.470602 0.380993 -0.0669345 0.652706 0.813785 -0.393358 0.0961543 
-0.325068 0.755376 0.0632488 -0.422001 -1.18009 -0.464852 0.37178 -0.0603046 0.649578 0.806658 -0.386106 0.082359 
-0.318939 0.75634 0.0776985 -0.408589 -1.19868 -0.459044 0.362472 -0.0535987 0.646249 0.799563 -0.378892 0.0686203 
-0.312541 0.757344 0.0920067 -0.395165 -1.21722 -0.453178 0.353073 -0.0468141 0.642714 0.792499 -0.371712 0.0549406 
-0.305879 0.758386 0.106166 -0.381725 -1.2357 -0.44725 0.343587 -0.0399475 0.638965 0.785467 -0.364565 0.0413225 
-0.298953 0.759465 0.12017 -0.368264 -1.25411 -0.441258 0.334018 -0.0329961 0.634995 0.778469 -0.357449 0.0277684 
-0.291767 0.760579 0.134011 -0.35478 -1.27246 -0.4352 0.324373 -0.0259566 0.6308 0.771505 -0.350361 0.0142807 
-0.28654 0.755032 0.152966 -0.344674 -1.28473 -0.439131 0.316221 -0.0148897 0.624811 0.754393 -0.350126 0.0237315 
-0.281141 0.74952 0.171808 -0.334554 -1.29695 -0.443021 0.308016 -0.00378187 0.618639 0.737297 -0.349923 0.0332232 
-0.275571 0.744044 0.190533 -0.324418 -1.30912 -0.446869 0.299761 0.00736843 0.61228 0.72022 -0.349752 0.0427574 
-0.269831 0.738607 0.209138 -0.314265 -1.32122 -0.450672 0.291463 0.0185628 0.605731 0.70316 -0.349611 0.0523359 
-0.263921 0.733207 0.227622 -0.304094 -1.33327 -0.45443 0.283124 0.0298027 0.598989 0.68612 -0.349498 0.0619603 
-0.257842 0.727846 0.245979 -0.293903 -1.34525 -0.45814 0.274751 0.0410899 0.59205 0.6691 -0.349411 0.0716324 
-0.251596 0.722525 0.264209 -0.283692 -1.35716 -0.4618 0.266348 0.0524258 0.584912 0.652101 -0.34935 0.081354 
-0.245182 0.717244 0.282307 -0.27346 -1.36899 -0.465409 0.257921 0.063812 0.577572 0.635124 -0.349313 0.0911268 
-0.241374 0.724578 0.288776 -0.265777 -1.382 -0.445821 0.255126 0.0752232 0.579261 0.616903 -0.359575 0.0839356 
-0.237431 0.731965 0.295128 -0.258187 -1.39491 -0.426236 0.252083 0.0867507 0.580841 0.598719 -0.369903 0.0767408 
-0.233356 0.739406 0.301362 -0.250691 -1.40771 -0.406658 0.248793 0.0983914 0.582306 0.580569 -0.380297 0.0695386 
-0.229152 0.746898 0.307474 -0.243289 -1.4204 -0.387092 0.245256 0.110143 0.583652 0.562451 -0.390755 0.0623251 
-0.22482 0.754441 0.313463 -0.235982 -1.43298 -0.367541 0.241474 0.122002 0.584872 0.544363 -0.401275 0.0550968 
-0.220362 0.762033 0.319324 -0.228772 -1.44545 -0.348008 0.237446 0.133965 0.585962 0.526304 -0.411855 0.0478493 
-0.215779 0.769673 0.325056 -0.221659 -1.45781 -0.328499 0.233174 0.146031 0.586916 0.508271 -0.422494 0.0405788 
-0.211076 0.777359 0.330656 -0.214644 -1.47004 -0.309017 0.228659 0.158196 0.587727 0.490262 -0.433191 0.0332813 
-0.203085 0.774138 0.33954 -0.201611 -1.47064 -0.289389 0.224523 0.163637 0.588899 0.484622 -0.443122 0.013453 
-0.19503 0.770915 0.348286 -0.18855 -1.47117 -0.269726 0.220332 0.169168 0.589943 0.479 -0.453043 -0.00634025 
-0.186913 0.767691 0.356894 -0.175463 -1.4716 -0.250029 0.216086 0.17479 0.590857 0.473396 -0.462953 -0.0260997 
-0.178735 0.764469 0.365364 -0.162352 -1.47195 -0.2303 0.211788 0.180501 0.591641 0.467809 -0.47285 -0.0458263 
-0.170498 0.761248 0.373694 -0.149218 -1.47222 -0.210538 0.207439 0.186303 0.592295 0.462237 -0.482734 -0.0655214 
-0.162203 0.758031 0.381885 -0.136065 -1.47239 -0.190747 0.203038 0.192194 0.592817 0.45668 -0.492603 -0.085186 
-0.153852 0.754817 0.389936 -0.122895 -1.47248 -0.170926 0.198589 0.198175 0.593208 0.451136 -0.502456 -0.104821 
-0.145446 0.751608 0.397846 -0.109709 -1.47247 -0.151077 0.194091 0.204245 0.593465 0.445604 -0.512293 -0.124429 
-0.134422 0.757175 0.394345 -0.097721 -1.47597 -0.135323 0.184133 0.199801 0.601037 0.428825 -0.510742 -0.132901 
-0.123385 0.76276 0.390627 -0.0856937 -1.47933 -0.119571 0.174095 0.195464 0.608377 0.412022 -0.509188 -0.141376 
-0.112339 0.768365 0.386691 -0.0736295 -1.48254 -0.103823 0.16398 0.191236 0.615485 0.395197 -0.50763 -0.149855 
-0.101287 0.773987 0.382535 -0.0615316 -1.48561 -0.0880808 0.153791 0.187119 0.622358 0.378349 -0.50607 -0.158339 
-0.0902338 0.779626 0.37816 -0.0494028 -1.48854 -0.0723444 0.143531 0.183115 0.628997 0.36148 -0.504508 -0.166829 
-0.0791818 0.785282 0.373565 -0.0372465 -1.49132 -0.0566156 0.133201 0.179225 0.635401 0.34459 -0.502943 -0.175327 
-0.0681349 0.790952 0.368751 -0.0250659 -1.49395 -0.0408955 0.122806 0.17545 0.641568 0.327679 -0.501377 -0.183833 
-0.0570966 0.796638 0.363716 -0.0128645 -1.49642 -0.0251856 0.112348 0.171793 0.647498 0.310748 -0.49981 -0.19235 
-0.0475316 0.784692 0.376758 -0.00118845 -1.4899 -0.00886725 0.103654 0.177652 0.645035 0.294237 -0.509257 -0.200594 
-0.0379101 0.772762 0.389549 0.0104308 -1.4832 0.00741447 0.094857 0.183685 0.642333 0.277715 -0.518692 -0.208876 
-0.0282346 0.760849 0.402086 0.0219895 -1.47631 0.0236578 0.0859604 0.18989 0.639391 0.261181 -0.528115 -0.217196 
-0.0185078 0.748958 0.414368 0.0334841 -1.46925 0.0398608 0.0769686 0.196267 0.636206 0.244635 -0.537523 -0.225556 
-0.00873223 0.737091 0.426392 0.0449115 -1.46201 0.056022 0.0678856 0.202815 0.632776 0.228077 -0.546917 -0.233957 
0.00108893 0.725252 0.438158 0.0562679 -1.4546 0.0721396 0.0587158 0.209531 0.6291 0.211507 -0.556294 -0.242403 
0.0109527 0.713443 0.449663 0.0675503 -1.44701 0.0882122 0.0494637 0.216413 0.625176 0.194925 -0.565653 -0.250893 
0.0208561 0.701668 0.460907 0.0787554 -1.43926 0.104238 0.0401337 0.22346 0.621 0.178332 -0.574994 -0.25943 
0.0278688 0.689743 0.474856 0.0879662 -1.43802 0.122238 0.0349727 0.231358 0.610304 0.173397 -0.57545 -0.277892 
0.0349214 0.677837 0.488661 0.0971738 -1.4367 0.140262 0.0298713 0.239349 0.599476 0.168458 -0.575875 -0.296329 
0.0420128 0.665949 0.502323 0.106377 -1.43528 0.158309 0.0248303 0.247435 0.58852 0.163515 -0.57627 -0.314743 
0.0491417 0.654082 0.515841 0.115573 -1.43377 0.176379 0.0198504 0.255612 0.577437 0.158567 -0.576637 -0.333135 
0.0563066 0.642237 0.529218 0.124761 -1.43217 0.19447 0.0149327 0.263881 0.566229 0.153616 -0.576976 -0.351505 
0.0635064 0.630413 0.542453 0.133939 -1.43048 0.212582 0.0100775 0.27224 0.554898 0.14866 -0.577286 -0.369854 
0.0707397 0.618613 0.555547 0.143106 -1.4287 0.230714 0.00528557 0.280688 0.543445 0.1437 -0.57757 -0.388184 
0.0780053 0.606837 0.568502 0.152261 -1.42685 0.248864 0.000557334 0.289223 0.531873 0.138736 -0.577827 -0.406495 
0.0877249 0.60344 0.576967 0.160645 -1.42648 0.252056 -0.00981521 0.301957 0.526721 0.115683 -0.590185 -0.395201 
0.0975126 0.600135 0.585186 0.168838 -1.42596 0.255157 -0.0203701 0.314798 0.521276 0.0926528 -0.602558 -0.383997 
0.107364 0.596924 0.593155 0.176839 -1.42526 0.258167 -0.0310994 0.327748 0.515529 0.0696475 -0.614941 -0.372885 
0.117276 0.59381 0.600864 0.184645 -1.42439 0.261084 -0.0419946 0.340804 0.509472 0.046669 -0.627328 -0.361866 
0.127244 0.590794 0.608309 0.192259 -1.42335 0.263907 -0.0530481 0.353966 0.503094 0.0237182 -0.639711 -0.35094 
0.137261 0.587879 0.615483 0.199676 -1.42212 0.266636 -0.0642497 0.367234 0.496388 0.00079881 -0.652085 -0.340109 
0.147323 0.585068 0.622378 0.206896 -1.42071 0.269271 -0.0755899 0.380605 0.489344 -0.0220865 -0.664442 -0.329372 
0.157425 0.582362 0.628988 0.213918 -1.41912 0.271812 -0.087059 0.39408 0.481956 -0.0449345 -0.676776 -0.318729 
0.161407 0.58008 0.62924 0.214106 -1.42072 0.296121 -0.0940839 0.390479 0.477694 -0.0623618 -0.665727 -0.331787 
0.165349 0.577813 0.629379 0.214376 -1.42226 0.320521 -0.100934 0.386904 0.473324 -0.0797957 -0.654681 -0.344755 
0.169249 0.575562 0.629405 0.214731 -1.42376 0.34501 -0.107608 0.383353 0.46885 -0.0972357 -0.643639 -0.357634 
0.173107 0.573325 0.629324 0.215171 -1.4252 0.369588 -0.114101 0.379827 0.464276 -0.114682 -0.632605 -0.370423 
0.176921 0.571102 0.629139 0.215699 -1.42659 0.394254 -0.120411 0.376325 0.459608 -0.132133 -0.621581 -0.383124 
0.180692 0.568893 0.628851 0.216317 -1.42793 0.419008 -0.126537 0.372849 0.454848 -0.149589 -0.610571 -0.395738 
0.184417 0.566697 0.628466 0.217027 -1.42923 0.443849 -0.132476 0.369396 0.450003 -0.167049 -0.599577 -0.408265 
0.188097 0.564515 0.627986 0.217829 -1.43049 0.468775 -0.138225 0.365968 0.445077 -0.184515 -0.588602 -0.420706 
0.194383 0.556078 0.628923 0.223848 -1.42255 0.491351 -0.144179 0.363438 0.440849 -0.197416 -0.583896 -0.43709 
0.200621 0.547664 0.629736 0.229884 -1.41456 0.513937 -0.150047 0.360962 0.43651 -0.210327 -0.57919 -0.453464 
0.20681 0.539272 0.630426 0.235935 -1.4065 0.536532 -0.155828 0.358541 0.432062 -0.223249 -0.574485 -0.469829 
0.212948 0.530903 0.630996 0.242004 -1.39839 0.559135 -0.16152 0.356175 0.427506 -0.236181 -0.569781 -0.486186 
0.219033 0.522557 0.631446 0.248089 -1.39023 0.581746 -0.167123 0.353862 0.422845 -0.249124 -0.56508 -0.502535 
0.225064 0.514235 0.631777 0.254191 -1.38201 0.604364 -0.172635 0.351603 0.418079 -0.262077 -0.560383 -0.518877 
0.23104 0.505936 0.631992 0.26031 -1.37374 0.626988 -0.178056 0.349396 0.413211 -0.275042 -0.555692 -0.535212 
0.23696 0.497661 0.632092 0.266446 -1.36543 0.649619 -0.183385 0.347242 0.408242 -0.288018 -0.551007 -0.551541 
0.243139 0.496339 0.627697 0.274781 -1.37114 0.657417 -0.186189 0.337532 0.399576 -0.300627 -0.523372 -0.550962 
0.249161 0.495103 0.623 0.283222 -1.37668 0.665281 -0.188617 0.328045 0.390712 -0.313268 -0.49573 -0.550315 
0.255023 0.493952 0.618007 0.291768 -1.38205 0.673207 -0.190664 0.318788 0.381657 -0.325942 -0.468088 -0.549607 
0.260722 0.492887 0.612723 0.300419 -1.38725 0.681189 -0.192327 0.309764 0.372423 -0.338649 -0.440454 -0.548843 
0.266254 0.491907 0.607157 0.309176 -1.39229 0.68922 -0.193604 0.30098 0.363018 -0.351391 -0.412833 -0.548029 
0.271617 0.491013 0.601312 0.318039 -1.39717 0.697296 -0.194491 0.29244 0.353451 -0.364168 -0.385231 -0.547171 
0.276808 0.490206 0.595197 0.327008 -1.40188 0.70541 -0.194988 0.284149 0.343733 -0.376981 -0.357655 -0.546275 
0.281825 0.489485 0.588818 0.336082 -1.40642 0.713558 -0.195092 0.276112 0.333873 -0.389831 -0.33011 -0.545345 
0.290959 0.477162 0.586576 0.349994 -1.38873 0.701715 -0.200293 0.273991 0.330558 -0.394671 -0.331394 -0.539677 
0.299906 0.464884 0.584117 0.363869 -1.37098 0.689768 -0.205415 0.272005 0.327049 -0.399596 -0.332712 -0.534113 
0.308657 0.452652 0.581447 0.37771 -1.35316 0.677718 -0.210456 0.270151 0.32335 -0.404606 -0.334064 -0.528652 
0.317208 0.440467 0.57857 0.39152 -1.33529 0.665568 -0.215412 0.268425 0.319465 -0.4097 -0.335453 -0.523291 
0.325552 0.428331 0.575492 0.405303 -1.31737 0.653319 -0.22028 0.266826 0.315398 -0.414876 -0.336881 -0.518028 
0.333683 0.416243 0.57222 0.419064 -1.29941 0.640974 -0.225056 0.26535 0.311155 -0.420136 -0.33835 -0.512862 
0.341595 0.404205 0.568759 0.432807 -1.28141 0.628535 -0.229738 0.263996 0.306738 -0.425479 -0.339861 -0.50779 
0.349284 0.392218 0.565116 0.446536 -1.26338 0.616005 -0.234322 0.26276 0.302154 -0.430903 -0.341417 -0.50281 
0.352643 0.385457 0.563995 0.449961 -1.25301 0.641197 -0.238995 0.263107 0.299003 -0.448069 -0.344751 -0.517713 
0.355948 0.378728 0.56279 0.453349 -1.24262 0.666383 -0.243668 0.263482 0.295747 -0.465224 -0.348105 -0.532623 
0.359199 0.372032 0.5615 0.456701 -1.23219 0.691563 -0.24834 0.263886 0.292386 -0.482366 -0.35148 -0.547539 
0.362393 0.365371 0.560124 0.460015 -1.22174 0.716738 -0.253008 0.264318 0.288917 -0.499494 -0.354874 -0.56246 
0.365531 0.358745 0.558663 0.463293 -1.21127 0.741909 -0.257672 0.264777 0.285341 -0.516608 -0.358288 -0.577386 
0.368613 0.352155 0.557117 0.466536 -1.20077 0.767076 -0.262331 0.265263 0.281656 -0.533705 -0.361722 -0.592315 
0.371636 0.345602 0.555485 0.469742 -1.19024 0.79224 -0.266982 0.265775 0.277861 -0.550785 -0.365175 -0.607247 
0.374601 0.339087 0.553766 0.472914 -1.17969 0.817402 -0.271625 0.266313 0.273956 -0.567846 -0.368648 -0.622181 
0.368952 0.32608 0.547194 0.474367 -1.16323 0.818164 -0.264931 0.249437 0.272902 -0.569956 -0.347275 -0.62366 
0.363054 0.313393 0.540288 0.475706 -1.14652 0.81892 -0.257999 0.232901 0.271491 -0.572034 -0.325901 -0.625147 
0.356911 0.301039 0.533047 0.47693 -1.12955 0.819669 -0.250834 0.216717 0.269719 -0.574078 -0.304535 -0.626639 
0.350525 0.28903 0.525467 0.478037 -1.11234 0.820416 -0.243439 0.200897 0.267584 -0.576089 -0.283188 -0.628135 
0.343903 0.277377 0.517544 0.479024 -1.09488 0.821161 -0.23582 0.185452 0.265083 -0.578063 -0.26187 -0.629632 
0.337049 0.266091 0.509277 0.479888 -1.07718 0.821907 -0.227983 0.170396 0.262214 -0.580001 -0.240594 -0.631128 
0.32997 0.255185 0.500663 0.480629 -1.05925 0.822657 -0.219935 0.155739 0.258974 -0.581902 -0.219372 -0.632621 
0.322674 0.244668 0.491699 0.481243 -1.0411 0.823412 -0.211683 0.141494 0.255363 -0.583766 -0.198216 -0.634108 
0.330448 0.251084 0.480504 0.499386 -1.04813 0.81541 -0.210979 0.137421 0.249675 -0.577532 -0.17996 -0.643905 
0.338163 0.257602 0.468958 0.517247 -1.05511 0.807357 -0.210392 0.133556 0.24368 -0.571292 -0.161738 -0.653754 
0.345815 0.264223 0.457063 0.53482 -1.06204 0.799253 -0.209926 0.129902 0.23738 -0.565048 -0.143558 -0.663654 
0.3534 0.270944 0.444821 0.552099 -1.06891 0.791098 -0.209583 0.126461 0.230774 -0.558807 -0.125425 -0.673604 
0.360913 0.277766 0.432235 0.569078 -1.07573 0.782894 -0.209364 0.123235 0.223866 -0.552572 -0.107347 -0.683605 
0.36835 0.284687 0.419308 0.585751 -1.08247 0.774641 -0.209271 0.120224 0.216656 -0.54635 -0.0893295 -0.693653 
0.375707 0.291706 0.406045 0.602112 -1.08915 0.76634 -0.209306 0.117432 0.209148 -0.540145 -0.0713803 -0.703749 
0.38298 0.298823 0.39245 0.618157 -1.09576 0.757994 -0.20947 0.114858 0.201344 -0.533961 -0.0535056 -0.713891 
0.376356 0.306161 0.379998 0.614077 -1.09591 0.745153 -0.203171 0.10083 0.205574 -0.516682 -0.0347161 -0.715373 
0.369746 0.313678 0.367307 0.609667 -1.09591 0.732321 -0.197099 0.0869487 0.209464 -0.49938 -0.0159839 -0.716846 
0.363157 0.321371 0.354383 0.604931 -1.09575 0.719502 -0.191264 0.0732149 0.213024 -0.482058 0.00268537 -0.718306 
0.356593 0.329236 0.341232 0.599873 -1.09543 0.7067 -0.185674 0.0596308 0.216265 -0.464721 0.0212869 -0.719749 
0.350061 0.337271 0.327857 0.594498 -1.09495 0.693918 -0.180338 0.0461991 0.219195 -0.447372 0.0398146 -0.721172 
0.343564 0.345471 0.314264 0.58881 -1.09432 0.68116 -0.175265 0.0329209 0.221828 -0.430014 0.0582653 -0.722571 
0.337108 0.353832 0.300459 0.582814 -1.09354 0.668431 -0.170462 0.0197979 0.224172 -0.412651 0.0766348 -0.723941 
0.330696 0.362351 0.286447 0.576515 -1.0926 0.655734 -0.165936 0.0068323 0.226239 -0.395284 0.0949194 -0.725278 
0.330968 0.360095 0.27 0.587433 -1.07471 0.639922 -0.165496 -0.00323522 0.224902 -0.399422 0.102886 -0.719926 
0.330987 0.357995 0.253487 0.598403 -1.05681 0.624066 -0.164881 -0.0131543 0.223458 -0.403595 0.110728 -0.714619 
0.330753 0.356054 0.236914 0.609428 -1.0389 0.608167 -0.164088 -0.0229252 0.221913 -0.407801 0.118446 -0.709355 
0.330267 0.354271 0.220288 0.620511 -1.02097 0.592227 -0.163117 -0.0325481 0.220275 -0.412036 0.126043 -0.704131 
0.329528 0.352648 0.203617 0.631656 -1.00304 0.576248 -0.161964 -0.0420241 0.21855 -0.416298 0.133519 -0.698947 
0.328537 0.351185 0.186907 0.642866 -0.985107 0.560231 -0.160627 -0.0513533 0.216746 -0.420584 0.140877 -0.6938 
0.327296 0.349884 0.170165 0.654143 -0.967175 0.544177 -0.159106 -0.0605365 0.214868 -0.424891 0.148118 -0.68869 
0.325805 0.348745 0.153398 0.665491 -0.94925 0.528089 -0.157399 -0.0695746 0.212923 -0.429216 0.155245 -0.683615 
0.332087 0.349445 0.146573 0.678715 -0.943706 0.50474 -0.164474 -0.069316 0.214638 -0.411892 0.145858 -0.691806 
0.338227 0.350163 0.139743 0.692054 -0.938224 0.481376 -0.171321 -0.0689805 0.21641 -0.394553 0.136431 -0.700013 
0.344224 0.350895 0.132908 0.705511 -0.932807 0.457996 -0.177933 -0.068574 0.218238 -0.377203 0.126967 -0.708236 
0.350079 0.351641 0.126071 0.719087 -0.927463 0.434601 -0.184308 -0.0681016 0.220123 -0.359841 0.117469 -0.716474 
0.35579 0.352396 0.119233 0.732782 -0.922196 0.411189 -0.190442 -0.0675705 0.222064 -0.34247 0.107939 -0.724729 
0.361357 0.353161 0.112396 0.746597 -0.917012 0.387761 -0.196332 -0.0669846 0.224058 -0.325091 0.0983793 -0.732999 
0.366781 0.353932 0.105561 0.760533 -0.911915 0.364317 -0.201975 -0.0663499 0.226106 -0.307707 0.0887931 -0.741286 
0.372061 0.354707 0.0987271 0.774589 -0.906912 0.340858 -0.207368 -0.0656713 0.228206 -0.290318 0.0791825 -0.749588 
0.373018 0.350044 0.09044 0.784848 -0.899176 0.339973 -0.206347 -0.0650355 0.214494 -0.280937 0.0921063 -0.771852 
0.373864 0.345501 0.0820465 0.794995 -0.891374 0.339083 -0.205395 -0.0642443 0.200658 -0.271574 0.10493 -0.794121 
0.374602 0.341078 0.0735523 0.805034 -0.883505 0.338191 -0.204512 -0.0632995 0.186705 -0.262225 0.117655 -0.816391 
0.375233 0.336777 0.0649628 0.814974 -0.875568 0.337302 -0.203699 -0.0622024 0.172638 -0.252891 0.13028 -0.83866 
0.37576 0.332596 0.0562836 0.82482 -0.867564 0.336417 -0.202954 -0.0609546 0.158465 -0.243568 0.142807 -0.860924 
0.376183 0.328537 0.0475196 0.834578 -0.859494 0.335539 -0.202277 -0.0595577 0.144189 -0.234255 0.155235 -0.883181 
0.376505 0.324599 0.0386763 0.844255 -0.851356 0.334672 -0.201667 -0.0580136 0.129814 -0.22495 0.167567 -0.905427 
0.376728 0.320782 0.0297588 0.853858 -0.843153 0.333817 -0.201125 -0.0563242 0.115347 -0.21565 0.179803 -0.927661 
0.36967 0.315811 0.0216255 0.855103 -0.824694 0.315817 -0.197804 -0.0621416 0.110204 -0.201067 0.18781 -0.930171 
0.362538 0.311039 0.0134044 0.8563 -0.806099 0.297896 -0.194559 -0.0677359 0.10495 -0.186433 0.195702 -0.932602 
0.355337 0.306466 0.00509679 0.857452 -0.787372 0.280054 -0.191393 -0.0731063 0.0995899 -0.171749 0.203476 -0.934954 
0.348071 0.302089 -0.0032963 0.858564 -0.768518 0.262293 -0.188306 -0.0782523 0.0941297 -0.157013 0.211132 -0.937226 
0.340744 0.297907 -0.0117737 0.859642 -0.749542 0.244611 -0.185299 -0.0831733 0.0885741 -0.142226 0.218669 -0.939417 
0.33336 0.293918 -0.0203342 0.860688 -0.730447 0.227011 -0.182375 -0.0878697 0.0829279 -0.127388 0.226085 -0.941528 
0.325922 0.290121 -0.0289764 0.861708 -0.711238 0.209493 -0.179532 -0.0923414 0.0771962 -0.112499 0.233381 -0.943556 
0.318433 0.286513 -0.037699 0.862706 -0.69192 0.192056 -0.176773 -0.096589 0.0713837 -0.0975587 0.240554 -0.945503 
0.320705 0.276032 -0.0333554 0.870446 -0.689425 0.17304 -0.176527 -0.0847706 0.0518068 -0.0946122 0.248243 -0.938903 
0.322955 0.265592 -0.0290345 0.87817 -0.686921 0.15403 -0.176278 -0.072908 0.032203 -0.0916647 0.25589 -0.932299 
0.325183 0.255193 -0.0247351 0.885878 -0.684409 0.135024 -0.176028 -0.0610022 0.0125728 -0.0887158 0.263497 -0.925689 
0.327388 0.244836 -0.020456 0.893573 -0.681888 0.116023 -0.175775 -0.049054 -0.00708342 -0.0857652 0.271064 -0.919075 
0.329571 0.234521 -0.016196 0.901255 -0.679358 0.0970274 -0.17552 -0.0370642 -0.0267654 -0.0828126 0.278591 -0.912455 
0.331732 0.224248 -0.0119541 0.908924 -0.67682 0.0780378 -0.175264 -0.0250335 -0.0464729 -0.0798576 0.286078 -0.905829 
0.333869 0.214018 -0.00772913 0.916582 -0.674274 0.0590543 -0.175006 -0.0129627 -0.0662055 -0.0769 0.293527 -0.899197 
0.335983 0.203829 -0.00352009 0.92423 -0.671719 0.0400773 -0.174747 -0.000852529 -0.0859631 -0.0739394 0.300936 -0.892559 
0.342181 0.220028 -0.0237058 0.934393 -0.681456 0.0437534 -0.179704 -0.00579039 -0.0879996 -0.0750777 0.31206 -0.907615 
0.348335 0.236296 -0.0441028 0.94441 -0.691154 0.0474453 -0.184701 -0.0104913 -0.0901185 -0.0762371 0.322971 -0.922655 
0.35444 0.25263 -0.0647098 0.954279 -0.700808 0.0511533 -0.189736 -0.0149546 -0.0923181 -0.0774182 0.333668 -0.937679 
0.360496 0.269028 -0.0855254 0.963997 -0.710415 0.0548778 -0.194803 -0.0191799 -0.0945963 -0.0786214 0.34415 -0.952687 
0.366499 0.285489 -0.106548 0.97356 -0.71997 0.0586189 -0.199899 -0.0231665 -0.0969521 -0.079847 0.354416 -0.967678 
0.372448 0.302011 -0.127776 0.982968 -0.72947 0.062377 -0.205018 -0.0269146 -0.0993828 -0.0810954 0.364465 -0.982652 
0.378339 0.31859 -0.149207 0.992218 -0.73891 0.0661525 -0.210157 -0.0304242 -0.101887 -0.0823669 0.374296 -0.997608 
0.384173 0.335225 -0.170838 1.00131 -0.748286 0.0699453 -0.21531 -0.0336956 -0.104462 -0.0836617 0.38391 -1.01255 
0.38695 0.340352 -0.183706 1.01708 -0.745449 0.0750091 -0.218502 -0.0364062 -0.101968 -0.0801109 0.379573 -1.03837 
0.389622 0.345478 -0.196585 1.03286 -0.742684 0.0800588 -0.221622 -0.0390997 -0.0994745 -0.0765453 0.375221 -1.0642 
0.39219 0.350604 -0.209474 1.04866 -0.739992 0.0850948 -0.224669 -0.0417773 -0.0969803 -0.0729648 0.370857 -1.09005 
0.394656 0.35573 -0.222371 1.06447 -0.737374 0.0901174 -0.227643 -0.0444401 -0.0944851 -0.0693693 0.366481 -1.11592 
0.397019 0.360853 -0.235277 1.0803 -0.734829 0.0951266 -0.230545 -0.0470893 -0.0919883 -0.0657589 0.362096 -1.14179 
0.399282 0.365976 -0.248189 1.09614 -0.73236 0.100123 -0.233374 -0.0497259 -0.0894893 -0.0621337 0.357702 -1.16768 
0.401446 0.371096 -0.261108 1.11199 -0.729966 0.105106 -0.23613 -0.0523508 -0.0869878 -0.0584936 0.353301 -1.19358 
0.403512 0.376214 -0.274033 1.12786 -0.727647 0.110077 -0.238814 -0.054965 -0.0844834 -0.0548387 0.348894 -1.2195 
0.401454 0.380777 -0.285892 1.13389 -0.719163 0.0834492 -0.241918 -0.0594768 -0.0844974 -0.0359769 0.351899 -1.21977 
0.399372 0.385371 -0.297705 1.13998 -0.710665 0.0568392 -0.245069 -0.0639566 -0.084469 -0.0171038 0.354958 -1.22002 
0.397266 0.389995 -0.309471 1.14613 -0.702155 0.0302468 -0.248269 -0.0684044 -0.0843965 0.00177991 0.358075 -1.22025 
0.395138 0.394649 -0.321189 1.15233 -0.693633 0.00367198 -0.251518 -0.0728205 -0.0842783 0.0206737 0.361251 -1.22047 
0.392987 0.399332 -0.332857 1.15859 -0.685099 -0.0228854 -0.254817 -0.0772051 -0.0841128 0.0395771 0.364487 -1.22066 
0.390815 0.404044 -0.344474 1.16491 -0.676554 -0.0494253 -0.258168 -0.0815584 -0.0838984 0.0584893 0.367787 -1.22084 
0.388621 0.408785 -0.356039 1.17129 -0.667998 -0.0759478 -0.261571 -0.0858804 -0.0836333 0.0774095 0.371152 -1.22101 
0.386407 0.413554 -0.367551 1.17773 -0.659433 -0.102453 -0.265029 -0.0901714 -0.0833158 0.096337 0.374583 -1.22115 
0.396304 0.408054 -0.354779 1.17935 -0.671957 -0.115126 -0.27214 -0.0794585 -0.0837092 0.114785 0.362276 -1.22656 
0.406157 0.402696 -0.34204 1.18097 -0.684524 -0.127779 -0.278888 -0.068612 -0.0841261 0.133329 0.349907 -1.23194 
0.415959 0.397481 -0.329336 1.18259 -0.697135 -0.140408 -0.285273 -0.0576382 -0.0845718 0.151968 0.337479 -1.2373 
0.425705 0.392408 -0.316665 1.18422 -0.709792 -0.153013 -0.291291 -0.0465434 -0.0850511 0.170704 0.324994 -1.24263 
0.43539 0.387477 -0.304028 1.18585 -0.722495 -0.16559 -0.296941 -0.0353343 -0.0855697 0.189537 0.312457 -1.24793 
0.445009 0.382688 -0.291426 1.18748 -0.735245 -0.178137 -0.302223 -0.0240172 -0.0861326 0.208466 0.29987 -1.25321 
0.454555 0.378039 -0.278858 1.18913 -0.748043 -0.190651 -0.307136 -0.0125988 -0.0867455 0.227493 0.287236 -1.25845 
0.464025 0.373531 -0.266325 1.19079 -0.760889 -0.203129 -0.311681 -0.00108573 -0.0874139 0.246616 0.274558 -1.26366 
0.473251 0.379873 -0.276967 1.20691 -0.7709 -0.2243 -0.317602 0.00504334 -0.0902855 0.257598 0.267955 -1.27033 
0.482367 0.386226 -0.287803 1.2229 -0.780898 -0.245437 -0.323329 0.0113087 -0.0932603 0.268638 0.26116 -1.27697 
0.491368 0.392586 -0.298832 1.23877 -0.790886 -0.266542 -0.328856 0.0177034 -0.0963382 0.279738 0.25418 -1.28358 
0.50025 0.398952 -0.310048 1.2545 -0.800866 -0.287616 -0.334179 0.0242207 -0.099519 0.290897 0.247019 -1.29015 
0.509008 0.405318 -0.321448 1.27011 -0.810838 -0.308659 -0.339293 0.0308535 -0.102803 0.302115 0.239685 -1.2967 
0.517639 0.411681 -0.333029 1.28558 -0.820806 -0.329673 -0.344193 0.0375951 -0.10619 0.313392 0.232184 -1.30321 
0.52614 0.41804 -0.344787 1.30093 -0.830773 -0.350657 -0.348877 0.0444386 -0.10968 0.324728 0.224521 -1.3097 
0.534507 0.424391 -0.356718 1.31614 -0.84074 -0.371613 -0.35334 0.051377 -0.113272 0.336122 0.216703 -1.31616 
0.545317 0.43261 -0.354702 1.30495 -0.858582 -0.378114 -0.361856 0.0626176 -0.119266 0.356429 0.21834 -1.31785 
0.555962 0.441076 -0.352579 1.29384 -0.876365 -0.384598 -0.370274 0.0740477 -0.125234 0.376756 0.219999 -1.31952 
0.566437 0.449787 -0.350351 1.28281 -0.894085 -0.391066 -0.37859 0.0856672 -0.131179 0.397101 0.221684 -1.32118 
0.576736 0.458742 -0.348017 1.27187 -0.911742 -0.397518 -0.386799 0.0974756 -0.137099 0.417466 0.223394 -1.32283 
0.586855 0.467939 -0.345579 1.26102 -0.929334 -0.403954 -0.394897 0.109472 -0.142996 0.437849 0.225133 -1.32445 
0.59679 0.477377 -0.343037 1.25025 -0.946859 -0.410374 -0.402879 0.121656 -0.14887 0.458252 0.226901 -1.32606 
0.606535 0.487055 -0.340393 1.23958 -0.964315 -0.416779 -0.41074 0.134027 -0.154721 0.478673 0.2287 -1.32766 
0.616086 0.496968 -0.337647 1.229 -0.981699 -0.42317 -0.418477 0.146583 -0.16055 0.499112 0.230532 -1.32924 
0.616602 0.49074 -0.324961 1.21914 -0.979628 -0.439129 -0.421789 0.152835 -0.168147 0.524482 0.239114 -1.32799 
0.617135 0.484515 -0.312264 1.20929 -0.977474 -0.455081 -0.425222 0.159205 -0.175656 0.549831 0.247701 -1.32673 
0.617684 0.478295 -0.299556 1.19946 -0.975238 -0.471027 -0.428767 0.165693 -0.183072 0.575157 0.256297 -1.32546 
0.61825 0.47208 -0.286837 1.18965 -0.972923 -0.486965 -0.43242 0.172303 -0.190392 0.600462 0.264903 -1.32418 
0.618833 0.465871 -0.274105 1.17986 -0.97053 -0.502898 -0.436174 0.179035 -0.197612 0.625742 0.27352 -1.3229 
0.619434 0.459667 -0.261359 1.17009 -0.968061 -0.518826 -0.440021 0.185894 -0.204731 0.650998 0.282151 -1.32162 
0.620053 0.453471 -0.2486 1.16035 -0.965519 -0.534748 -0.443956 0.19288 -0.211744 0.676228 0.290799 -1.32033 
0.620689 0.447283 -0.235827 1.15063 -0.962904 -0.550667 -0.447972 0.199997 -0.218649 0.701431 0.299466 -1.31903 
0.619308 0.437393 -0.226073 1.14602 -0.953314 -0.569254 -0.45102 0.205614 -0.228497 0.72308 0.310307 -1.31806 
0.617945 0.427533 -0.216323 1.14144 -0.943589 -0.587799 -0.454166 0.211411 -0.238241 0.744728 0.321112 -1.31705 
0.616602 0.417706 -0.206578 1.13688 -0.933732 -0.606303 -0.457402 0.217387 -0.247879 0.766375 0.331885 -1.316 
0.615277 0.40791 -0.196836 1.13234 -0.923748 -0.624768 -0.460722 0.223542 -0.257408 0.788018 0.342627 -1.31491 
0.613973 0.398148 -0.187096 1.12783 -0.913642 -0.643194 -0.464118 0.229876 -0.266826 0.809657 0.353341 -1.31378 
0.612687 0.388418 -0.177358 1.12335 -0.903416 -0.661582 -0.467584 0.23639 -0.276132 0.831289 0.36403 -1.31261 
0.61142 0.378723 -0.167621 1.1189 -0.893075 -0.679934 -0.471113 0.243084 -0.285323 0.852913 0.374696 -1.31141 
0.610171 0.369063 -0.157884 1.11448 -0.882622 -0.698251 -0.474696 0.249957 -0.294397 0.874528 0.385342 -1.31017 
0.613786 0.359387 -0.143307 1.10944 -0.88072 -0.704945 -0.47863 0.26459 -0.309135 0.894739 0.393986 -1.31705 
0.617418 0.349773 -0.128707 1.10443 -0.878736 -0.711616 -0.482557 0.279349 -0.323791 0.914943 0.402636 -1.3239 
0.621065 0.340221 -0.114084 1.09946 -0.876669 -0.718265 -0.486471 0.294233 -0.338364 0.93514 0.411293 -1.33073 
0.624724 0.330733 -0.099437 1.09452 -0.874522 -0.724892 -0.490368 0.309245 -0.352854 0.955329 0.419956 -1.33754 
0.628394 0.321312 -0.0847671 1.08962 -0.872294 -0.731496 -0.494241 0.324386 -0.367261 0.975511 0.428626 -1.34433 
0.632071 0.311958 -0.0700741 1.08476 -0.869986 -0.738079 -0.498085 0.339656 -0.381586 0.995684 0.437303 -1.3511 
0.635754 0.302675 -0.0553579 1.07994 -0.867599 -0.744639 -0.501897 0.355056 -0.395828 1.01585 0.445987 -1.35784 
0.639438 0.293463 -0.0406186 1.07515 -0.865134 -0.751177 -0.505669 0.370588 -0.409987 1.03601 0.454678 -1.36456 
0.648857 0.306798 -0.0474106 1.07662 -0.877613 -0.769338 -0.513956 0.38059 -0.413829 1.05329 0.457847 -1.36414 
0.65814 0.320278 -0.0542473 1.07806 -0.889972 -0.787465 -0.522088 0.390798 -0.41767 1.0706 0.460908 -1.36368 
0.667285 0.333902 -0.0611264 1.07947 -0.90221 -0.805556 -0.530064 0.401208 -0.421508 1.08796 0.463866 -1.36319 
0.676292 0.347668 -0.0680459 1.08085 -0.914328 -0.823612 -0.537877 0.411816 -0.425345 1.10536 0.466723 -1.36266 
0.685157 0.361572 -0.0750038 1.0822 -0.926324 -0.841633 -0.545526 0.422617 -0.429178 1.1228 0.469484 -1.3621 
0.693879 0.375612 -0.0819981 1.08352 -0.938199 -0.859619 -0.553008 0.433605 -0.433009 1.14027 0.472151 -1.3615 
0.702458 0.389786 -0.0890271 1.08483 -0.949953 -0.87757 -0.560319 0.444778 -0.436836 1.15779 0.474728 -1.36086 
0.710891 0.40409 -0.0960891 1.08611 -0.961585 -0.895485 -0.567457 0.456128 -0.44066 1.17534 0.477218 -1.3602 
0.709327 0.39664 -0.0949044 1.09148 -0.948618 -0.922481 -0.569566 0.458177 -0.443549 1.19258 0.483588 -1.35587 
0.707717 0.389243 -0.0936552 1.09696 -0.935648 -0.949468 -0.571653 0.460314 -0.446341 1.20978 0.490037 -1.35153 
0.70606 0.3819 -0.0923392 1.10254 -0.922676 -0.976447 -0.573718 0.462538 -0.449034 1.22696 0.496568 -1.34718 
0.704357 0.374611 -0.0909544 1.10823 -0.909706 -1.00342 -0.575759 0.464851 -0.451627 1.24409 0.503182 -1.34283 
0.702608 0.367377 -0.0894987 1.11402 -0.896739 -1.03039 -0.577776 0.467251 -0.454118 1.26119 0.509881 -1.33847 
0.700812 0.360198 -0.08797 1.11992 -0.883778 -1.05735 -0.579767 0.46974 -0.456505 1.27824 0.516667 -1.3341 
0.698971 0.353076 -0.0863661 1.12593 -0.870825 -1.0843 -0.581732 0.472317 -0.458787 1.29526 0.523542 -1.32973 
0.697083 0.34601 -0.0846848 1.13205 -0.857882 -1.11126 -0.583669 0.474983 -0.460962 1.31222 0.530507 -1.32536 
0.689598 0.33386 -0.0729655 1.11996 -0.837182 -1.11172 -0.587025 0.4776 -0.466428 1.31808 0.548883 -1.32021 
0.681966 0.321745 -0.061483 1.10768 -0.816311 -1.11211 -0.590193 0.480427 -0.471977 1.32408 0.566969 -1.315 
0.674193 0.309668 -0.0502439 1.09523 -0.795274 -1.11244 -0.593171 0.483467 -0.47761 1.33023 0.584758 -1.30971 
0.666287 0.297629 -0.0392545 1.08259 -0.774074 -1.1127 -0.595955 0.486721 -0.483327 1.33653 0.602239 -1.30436 
0.658253 0.285633 -0.0285222 1.06978 -0.752713 -1.11289 -0.598543 0.49019 -0.48913 1.34299 0.619407 -1.29894 
0.6501 0.27368 -0.0180524 1.05678 -0.731196 -1.11301 -0.600931 0.493875 -0.49502 1.34961 0.636251 -1.29345 
0.641834 0.261774 -0.00785116 1.0436 -0.709529 -1.11307 -0.603116 0.497777 -0.500996 1.35639 0.652762 -1.2879 
0.633465 0.249915 0.00207526 1.03025 -0.687713 -1.11306 -0.605097 0.501896 -0.507058 1.36334 0.668932 -1.28228 
0.633689 0.253879 0.00601836 1.01468 -0.690538 -1.12704 -0.60876 0.505939 -0.508568 1.3634 0.676369 -1.25407 
0.633822 0.257848 0.00995563 0.9991 -0.693405 -1.14105 -0.612383 0.509999 -0.510086 1.36345 0.68383 -1.22588 
0.633865 0.261823 0.0138865 0.98351 -0.696315 -1.15508 -0.615968 0.514075 -0.511614 1.36349 0.691315 -1.19773 
0.633818 0.265802 0.0178101 0.96791 -0.699269 -1.16914 -0.619513 0.518167 -0.513151 1.36351 0.698824 -1.1696 
0.633681 0.269784 0.0217258 0.952301 -0.702266 -1.18323 -0.623018 0.522274 -0.514698 1.36352 0.706356 -1.14149 
0.633453 0.273769 0.0256328 0.936681 -0.705307 -1.19735 -0.626482 0.526396 -0.516256 1.36352 0.713912 -1.11342 
0.633134 0.277755 0.0295303 0.921052 -0.708392 -1.2115 -0.629906 0.530533 -0.517824 1.3635 0.721491 -1.08537 
0.632724 0.281742 0.0334174 0.905412 -0.711521 -1.22567 -0.633289 0.534684 -0.519404 1.36347 0.729094 -1.05736 
0.636325 0.280647 0.0473092 0.889572 -0.718113 -1.20962 -0.636319 0.551368 -0.53285 1.36721 0.737976 -1.06078 
0.639751 0.279649 0.061219 0.873744 -0.724719 -1.19359 -0.639239 0.568098 -0.546325 1.37096 0.74685 -1.06422 
0.643001 0.278745 0.0751439 0.857927 -0.731339 -1.17757 -0.642048 0.584871 -0.559831 1.37472 0.755716 -1.06768 
0.64607 0.277933 0.0890811 0.84212 -0.737974 -1.16157 -0.644746 0.601686 -0.57337 1.37848 0.76457 -1.07115 
0.648957 0.277211 0.103028 0.826321 -0.744623 -1.14559 -0.647331 0.618543 -0.586944 1.38224 0.773411 -1.07465 
0.651659 0.276576 0.116981 0.810529 -0.751287 -1.12963 -0.649803 0.635439 -0.600555 1.38601 0.782234 -1.07817 
0.654174 0.276028 0.130937 0.794743 -0.757968 -1.1137 -0.652161 0.652374 -0.614203 1.38979 0.791039 -1.08171 
0.656499 0.275563 0.144894 0.778961 -0.764664 -1.09779 -0.654404 0.669345 -0.627892 1.39358 0.799822 -1.08527 
0.653949 0.274838 0.152694 0.758568 -0.758431 -1.09496 -0.65943 0.68356 -0.640383 1.40008 0.817047 -1.07604 
0.651288 0.274146 0.160334 0.738064 -0.752172 -1.09212 -0.664292 0.697889 -0.652921 1.40667 0.834067 -1.06681 
0.648522 0.273486 0.167815 0.717451 -0.745886 -1.08927 -0.668992 0.712329 -0.665505 1.41333 0.85088 -1.05757 
0.645655 0.272859 0.175135 0.696733 -0.739577 -1.08642 -0.673528 0.726878 -0.678134 1.42008 0.867483 -1.04831 
0.642691 0.272264 0.182296 0.67591 -0.733246 -1.08354 -0.677902 0.741533 -0.690807 1.42691 0.883874 -1.03904 
0.639633 0.271702 0.189297 0.654984 -0.726895 -1.08066 -0.682114 0.756293 -0.703521 1.43382 0.900051 -1.02976 
0.636486 0.271174 0.196138 0.633958 -0.720526 -1.07776 -0.686164 0.771154 -0.716276 1.44081 0.916011 -1.02046 
0.633254 0.27068 0.202822 0.612834 -0.714142 -1.07485 -0.690054 0.786114 -0.729069 1.44789 0.931752 -1.01115 
0.626961 0.275948 0.189874 0.601673 -0.694348 -1.07261 -0.696848 0.784858 -0.724358 1.45847 0.947694 -1.0168 
0.620734 0.281274 0.17685 0.590496 -0.674462 -1.07029 -0.70351 0.783754 -0.719568 1.46908 0.963487 -1.02237 
0.614578 0.286656 0.163747 0.5793 -0.654489 -1.06789 -0.710037 0.782801 -0.714698 1.47974 0.97913 -1.02785 
0.608498 0.292095 0.150564 0.568085 -0.634429 -1.06541 -0.716425 0.781997 -0.709748 1.49043 0.994623 -1.03326 
0.602499 0.29759 0.1373 0.556852 -0.614287 -1.06286 -0.722672 0.781342 -0.70472 1.50116 1.00996 -1.0386 
0.596586 0.303138 0.123955 0.545598 -0.594065 -1.06024 -0.728774 0.780833 -0.699613 1.51192 1.02515 -1.04386 
0.590763 0.308741 0.110526 0.534325 -0.573766 -1.05754 -0.73473 0.780469 -0.694428 1.52273 1.04018 -1.04905 
0.585035 0.314397 0.0970123 0.523032 -0.553393 -1.05478 -0.740536 0.780248 -0.689166 1.53356 1.05506 -1.05417 
0.584567 0.33064 0.0941073 0.5044 -0.567199 -1.04918 -0.745882 0.779629 -0.676463 1.53528 1.0621 -1.05225 
0.583797 0.346911 0.0912145 0.485769 -0.581037 -1.0437 -0.751114 0.779111 -0.663741 1.53683 1.0692 -1.05044 
0.582727 0.363205 0.0883277 0.467136 -0.594903 -1.03833 -0.756227 0.778695 -0.651004 1.53823 1.07636 -1.04873 
0.581357 0.379517 0.0854408 0.448499 -0.608797 -1.03307 -0.761219 0.778378 -0.638253 1.53947 1.08358 -1.04715 
0.57969 0.395842 0.0825474 0.429857 -0.622717 -1.02792 -0.766086 0.778159 -0.625494 1.54056 1.09084 -1.04568 
0.577725 0.412176 0.0796416 0.411207 -0.636661 -1.0229 -0.770824 0.778037 -0.612729 1.54149 1.09815 -1.04433 
0.575466 0.428514 0.0767175 0.392547 -0.650626 -1.018 -0.77543 0.77801 -0.599962 1.54225 1.10549 -1.0431 
0.572914 0.444851 0.073769 0.373875 -0.664611 -1.01323 -0.7799 0.778078 -0.587196 1.54287 1.11286 -1.042 
0.567804 0.444972 0.0816951 0.359709 -0.669535 -1.00005 -0.778151 0.770651 -0.567144 1.54953 1.11278 -1.05578 
0.562551 0.445099 0.0895829 0.345548 -0.674496 -0.986907 -0.776319 0.76322 -0.547135 1.55621 1.1127 -1.0696 
0.557154 0.44523 0.0974299 0.331392 -0.679495 -0.973786 -0.774404 0.755786 -0.52717 1.56291 1.11263 -1.08344 
0.551613 0.445366 0.105234 0.31724 -0.684531 -0.960694 -0.772402 0.748349 -0.507253 1.56963 1.11255 -1.09731 
0.545928 0.445506 0.112992 0.303092 -0.689604 -0.94763 -0.770312 0.740907 -0.487383 1.57637 1.11246 -1.11121 
0.540099 0.445652 0.120701 0.288947 -0.694714 -0.934594 -0.768132 0.733462 -0.467563 1.58313 1.11238 -1.12513 
0.534125 0.445803 0.128359 0.274805 -0.69986 -0.921585 -0.765859 0.726013 -0.447796 1.58992 1.11228 -1.13908 
0.528006 0.44596 0.135963 0.260665 -0.705041 -0.908604 -0.763492 0.71856 -0.428082 1.59673 1.11217 -1.15306 
0.527883 0.462213 0.133782 0.247899 -0.718851 -0.893689 -0.768354 0.72897 -0.427413 1.59754 1.1219 -1.16681 
0.527517 0.478508 0.131535 0.235095 -0.732628 -0.878874 -0.773031 0.739485 -0.426768 1.59824 1.13153 -1.18065 
0.526911 0.494839 0.129221 0.222251 -0.746372 -0.864158 -0.777523 0.750103 -0.426151 1.59884 1.14106 -1.1946 
0.526067 0.511202 0.126837 0.209368 -0.760081 -0.849543 -0.78183 0.76082 -0.425563 1.59933 1.15048 -1.20864 
0.524987 0.527593 0.124381 0.196445 -0.773752 -0.835029 -0.78595 0.771632 -0.425008 1.59972 1.1598 -1.22279 
0.523674 0.544008 0.121852 0.183481 -0.787385 -0.820618 -0.789883 0.782535 -0.424488 1.6 1.16901 -1.23703 
0.52213 0.560444 0.119246 0.170476 -0.800978 -0.806309 -0.793629 0.793527 -0.424006 1.60018 1.1781 -1.25139 
0.520358 0.576895 0.116562 0.15743 -0.81453 -0.792104 -0.797189 0.804603 -0.423565 1.60027 1.18708 -1.26584 
0.516968 0.59769 0.102803 0.1463 -0.827853 -0.780809 -0.802291 0.801709 -0.412963 1.5929 1.19246 -1.27339 
0.513422 0.618462 0.0889391 0.135101 -0.841146 -0.769603 -0.807245 0.798905 -0.402392 1.58546 1.19769 -1.28102 
0.509722 0.63921 0.0749678 0.123832 -0.854408 -0.758485 -0.812046 0.79619 -0.391854 1.57795 1.20277 -1.28875 
0.50587 0.659934 0.0608874 0.112493 -0.867635 -0.747452 -0.816689 0.793564 -0.38135 1.57037 1.20768 -1.29655 
0.50187 0.680631 0.0466954 0.101082 -0.880824 -0.736502 -0.821169 0.791026 -0.370881 1.56274 1.21244 -1.30445 
0.497724 0.701301 0.0323903 0.0895985 -0.893974 -0.725633 -0.825484 0.788575 -0.360449 1.55504 1.21702 -1.31242 
0.493433 0.721941 0.0179704 0.0780421 -0.90708 -0.714841 -0.829627 0.786211 -0.350056 1.5473 1.22143 -1.32047 
0.488999 0.74255 0.00343372 0.066412 -0.920141 -0.704125 -0.833595 0.783934 -0.339703 1.5395 1.22565 -1.32859 
0.482893 0.754663 -0.0107106 0.0522617 -0.911563 -0.699462 -0.838575 0.78261 -0.322909 1.54626 1.23724 -1.34138 
0.476783 0.766751 -0.024886 0.0381006 -0.902922 -0.69481 -0.843434 0.781424 -0.30603 1.55291 1.24876 -1.35417 
0.470669 0.778813 -0.0390933 0.0239291 -0.894218 -0.690169 -0.84817 0.780375 -0.289068 1.55944 1.26021 -1.36697 
0.464551 0.790846 -0.0533335 0.00974758 -0.88545 -0.685537 -0.852782 0.779462 -0.272026 1.56584 1.27159 -1.37979 
0.45843 0.802849 -0.0676076 -0.00444371 -0.876621 -0.680915 -0.857268 0.778681 -0.254903 1.57214 1.28289 -1.39261 
0.452305 0.814821 -0.0819165 -0.0186443 -0.86773 -0.676303 -0.861629 0.778032 -0.237703 1.57831 1.29412 -1.40544 
0.446178 0.826761 -0.0962613 -0.0328539 -0.858779 -0.671698 -0.865862 0.777512 -0.220427 1.58437 1.30527 -1.41828 
0.440048 0.838666 -0.110643 -0.0470721 -0.849768 -0.667102 -0.869967 0.77712 -0.203076 1.59032 1.31634 -1.43113 
0.435208 0.858131 -0.118097 -0.0561116 -0.868292 -0.675177 -0.870886 0.777842 -0.189167 1.58669 1.31627 -1.43038 
0.430184 0.877585 -0.125704 -0.0652334 -0.886742 -0.683292 -0.871567 0.778642 -0.175349 1.58311 1.3159 -1.42966 
0.424979 0.897026 -0.133468 -0.0744372 -0.905114 -0.691443 -0.872006 0.779515 -0.161625 1.57959 1.31523 -1.42899 
0.419596 0.91645 -0.141391 -0.0837226 -0.923405 -0.699625 -0.872199 0.780459 -0.147999 1.57615 1.31427 -1.42834 
0.414038 0.935855 -0.149476 -0.0930889 -0.941614 -0.707834 -0.872143 0.781471 -0.134477 1.57279 1.313 -1.42772 
0.408306 0.955237 -0.157725 -0.102536 -0.959735 -0.716064 -0.871833 0.782547 -0.121063 1.56953 1.31143 -1.42712 
0.402404 0.974594 -0.166141 -0.112062 -0.977767 -0.72431 -0.871267 0.783682 -0.107762 1.56637 1.30956 -1.42653 
0.396335 0.993922 -0.174725 -0.121667 -0.995705 -0.732568 -0.87044 0.784874 -0.0945767 1.56333 1.30738 -1.42596 
0.389665 0.993258 -0.181759 -0.140676 -0.975261 -0.73351 -0.873651 0.789868 -0.0873559 1.57097 1.32451 -1.42686 
0.383138 0.992606 -0.188867 -0.159723 -0.954752 -0.734332 -0.876639 0.795014 -0.0800402 1.57868 1.34148 -1.42763 
0.376762 0.99197 -0.196046 -0.178807 -0.934183 -0.735034 -0.879404 0.800307 -0.0726306 1.58647 1.35829 -1.42828 
0.370545 0.991351 -0.203296 -0.197927 -0.91356 -0.735617 -0.881948 0.805744 -0.0651279 1.59433 1.37493 -1.42882 
0.364493 0.990755 -0.210616 -0.217082 -0.89289 -0.736081 -0.88427 0.81132 -0.0575336 1.60229 1.39142 -1.42923 
0.358613 0.990183 -0.218003 -0.236271 -0.872179 -0.736428 -0.886373 0.817032 -0.0498479 1.61033 1.40776 -1.42953 
0.352913 0.989639 -0.225457 -0.255492 -0.851432 -0.736658 -0.888257 0.822873 -0.0420721 1.61846 1.42394 -1.42971 
0.347397 0.989127 -0.232974 -0.274745 -0.830657 -0.736772 -0.889923 0.828841 -0.0342069 1.62669 1.43997 -1.42978 
0.349818 0.987839 -0.227941 -0.275185 -0.819191 -0.7502 -0.889903 0.851161 -0.0448919 1.63835 1.45173 -1.42988 
0.352124 0.986624 -0.222938 -0.275534 -0.807693 -0.763565 -0.88964 0.87348 -0.0555957 1.65005 1.46352 -1.42992 
0.354312 0.985482 -0.217966 -0.275791 -0.796168 -0.776864 -0.889136 0.895794 -0.0663205 1.66181 1.47533 -1.4299 
0.35638 0.984411 -0.213028 -0.275957 -0.784617 -0.790098 -0.888391 0.918098 -0.0770688 1.67361 1.48718 -1.42981 
0.358326 0.983411 -0.208126 -0.276031 -0.773044 -0.803267 -0.887406 0.940387 -0.087843 1.68547 1.49904 -1.42966 
0.36015 0.982482 -0.203264 -0.276015 -0.761453 -0.816369 -0.886181 0.962657 -0.0986454 1.69738 1.51094 -1.42944 
0.361848 0.981622 -0.198444 -0.275908 -0.749846 -0.829405 -0.884718 0.984902 -0.109479 1.70935 1.52286 -1.42915 
0.36342 0.980832 -0.193669 -0.275711 -0.738226 -0.842373 -0.883015 1.00712 -0.120345 1.72139 1.53481 -1.4288 
0.358229 0.978475 -0.19912 -0.287415 -0.717799 -0.851428 -0.882139 1.00581 -0.101522 1.73252 1.54686 -1.42764 
0.353134 0.976141 -0.204618 -0.299083 -0.697393 -0.860412 -0.881049 1.00454 -0.0826497 1.74368 1.55894 -1.42641 
0.348136 0.973831 -0.210166 -0.310712 -0.677012 -0.869323 -0.879742 1.0033 -0.0637314 1.75487 1.57104 -1.42511 
0.343237 0.971549 -0.215765 -0.322301 -0.65666 -0.878161 -0.878217 1.00207 -0.0447702 1.76609 1.58318 -1.42374 
0.33844 0.969296 -0.221417 -0.333851 -0.636342 -0.886925 -0.876472 1.00087 -0.0257693 1.77736 1.59534 -1.42229 
0.333744 0.967077 -0.227125 -0.345359 -0.616063 -0.895613 -0.874506 0.999675 -0.00673227 1.78868 1.60754 -1.42076 
0.329152 0.964895 -0.23289 -0.356824 -0.595827 -0.904225 -0.872317 0.998491 0.0123374 1.80006 1.61978 -1.41916 
0.324664 0.962753 -0.238714 -0.368244 -0.57564 -0.912759 -0.869903 0.997311 0.0314361 1.81149 1.63206 -1.41748 
0.323577 0.953788 -0.245157 -0.384894 -0.554295 -0.896145 -0.870539 0.988667 0.0370423 1.81439 1.6389 -1.41395 
0.322722 0.945017 -0.251696 -0.40162 -0.533037 -0.879395 -0.871049 0.980064 0.0426559 1.81779 1.64545 -1.41028 
0.322103 0.936447 -0.258323 -0.41842 -0.511872 -0.862517 -0.871436 0.971506 0.0482779 1.82167 1.65169 -1.40649 
0.321719 0.928082 -0.265029 -0.435294 -0.490801 -0.84552 -0.871705 0.962998 0.05391 1.82602 1.65762 -1.40257 
0.321572 0.919928 -0.271807 -0.452239 -0.469829 -0.828413 -0.871861 0.954544 0.0595502 1.83083 1.66322 -1.39854 
0.321663 0.91199 -0.278649 -0.469256 -0.448958 -0.811205 -0.871907 0.946146 0.0652029 1.83609 1.66849 -1.39442 
0.321991 0.904271 -0.285545 -0.486343 -0.428189 -0.793906 -0.871849 0.937808 0.0708685 1.84179 1.67342 -1.3902 
0.322556 0.896776 -0.292488 -0.5035 -0.407525 -0.776523 -0.87169 0.929532 0.0765484 1.84791 1.67801 -1.3859 
0.323586 0.889263 -0.299647 -0.520768 -0.386279 -0.758905 -0.871502 0.921331 0.0818393 1.85461 1.68232 -1.3811 
0.32486 0.881994 -0.306839 -0.538109 -0.365142 -0.74122 -0.871215 0.913201 0.0871452 1.86173 1.68624 -1.37623 
0.326375 0.874971 -0.314054 -0.555524 -0.344117 -0.723478 -0.870831 0.905145 0.0924663 1.86924 1.68978 -1.37131 
0.328128 0.868197 -0.321283 -0.573011 -0.323202 -0.705687 -0.870354 0.897164 0.097804 1.87714 1.69294 -1.36633 
0.33012 0.861676 -0.328517 -0.590569 -0.302399 -0.687857 -0.869789 0.889262 0.103156 1.8854 1.6957 -1.36132 
0.332345 0.85541 -0.335748 -0.608199 -0.281705 -0.669996 -0.869137 0.881439 0.108525 1.89401 1.69807 -1.35628 
0.334802 0.849402 -0.342967 -0.625902 -0.261121 -0.652113 -0.868402 0.873696 0.113912 1.90296 1.70004 -1.35121 
0.337486 0.843653 -0.350164 -0.643676 -0.240645 -0.634216 -0.867587 0.866035 0.119318 1.91222 1.70162 -1.34613 
0.340586 0.838042 -0.357482 -0.661537 -0.219783 -0.616221 -0.866729 0.858488 0.124453 1.92195 1.70278 -1.34076 
0.343912 0.832703 -0.364762 -0.679474 -0.199028 -0.598229 -0.865791 0.851027 0.129606 1.93197 1.70352 -1.33539 
0.347459 0.827639 -0.371995 -0.697486 -0.17838 -0.580248 -0.864775 0.843654 0.134778 1.94227 1.70385 -1.33003 
0.351222 0.822849 -0.379175 -0.715574 -0.157835 -0.562287 -0.863683 0.836369 0.13997 1.95282 1.70377 -1.32469 
0.355196 0.818337 -0.386292 -0.733736 -0.137392 -0.544351 -0.862517 0.829173 0.145178 1.96361 1.70327 -1.31938 
0.359376 0.814103 -0.39334 -0.751974 -0.117049 -0.526449 -0.861278 0.822065 0.150406 1.97463 1.70236 -1.3141 
0.363756 0.810149 -0.400309 -0.770286 -0.0968024 -0.508586 -0.859969 0.815046 0.155654 1.98585 1.70104 -1.30886 
0.36833 0.806475 -0.407193 -0.788673 -0.0766506 -0.490768 -0.858589 0.808114 0.160921 1.99727 1.69931 -1.30367 
0.37323 0.803036 -0.414092 -0.807138 -0.0562845 -0.47296 -0.857159 0.801299 0.166021 2.00898 1.69712 -1.29834 
0.378313 0.799886 -0.420891 -0.825678 -0.0360096 -0.455211 -0.855658 0.794573 0.171141 2.02086 1.69453 -1.29308 
0.383575 0.797026 -0.427582 -0.844294 -0.0158237 -0.437526 -0.854088 0.787937 0.17628 2.03289 1.69153 -1.28789 
0.389006 0.794455 -0.43416 -0.862983 0.00427576 -0.41991 -0.852448 0.78139 0.181439 2.04506 1.68813 -1.28276 
0.394601 0.792176 -0.440617 -0.881745 0.0242906 -0.402369 -0.85074 0.774933 0.186617 2.05735 1.68433 -1.2777 
0.40035 0.790188 -0.446948 -0.900578 0.0442237 -0.384906 -0.848964 0.768564 0.191814 2.06976 1.68014 -1.27273 
0.406247 0.788494 -0.453147 -0.919482 0.0640774 -0.367525 -0.84712 0.762282 0.19703 2.08226 1.67557 -1.26783 
0.412282 0.787092 -0.459209 -0.938453 0.083854 -0.350229 -0.845209 0.756087 0.202266 2.09485 1.67062 -1.26303 
0.418524 0.78598 -0.465187 -0.957489 0.103707 -0.333014 -0.84324 0.75 0.207419 2.10758 1.66525 -1.25821 
0.424889 0.785166 -0.471016 -0.97659 0.123487 -0.315892 -0.841201 0.743999 0.21259 2.12037 1.65951 -1.25349 
0.431366 0.78465 -0.476691 -0.995754 0.143196 -0.298865 -0.839094 0.738084 0.21778 2.13322 1.6534 -1.24887 
0.437947 0.784433 -0.482207 -1.01498 0.162835 -0.281935 -0.836919 0.732254 0.222989 2.14612 1.64694 -1.24434 
0.444621 0.784516 -0.48756 -1.03426 0.182406 -0.265103 -0.834674 0.726509 0.228216 2.15907 1.64013 -1.23991 
0.45138 0.784899 -0.492745 -1.0536 0.201911 -0.248372 -0.83236 0.720847 0.233461 2.17204 1.63297 -1.23558 
0.458212 0.785582 -0.497759 -1.07299 0.221353 -0.231741 -0.829978 0.715268 0.238723 2.18504 1.62548 -1.23135 
0.465109 0.786566 -0.502599 -1.09242 0.240733 -0.215212 -0.827525 0.70977 0.244003 2.19805 1.61767 -1.22723 
0.472078 0.787857 -0.507278 -1.11189 0.260086 -0.198799 -0.825008 0.704371 0.249261 2.21109 1.60952 -1.22317 
0.479091 0.78945 -0.511775 -1.1314 0.279381 -0.182488 -0.822419 0.699053 0.254535 2.22413 1.60106 -1.21922 
0.486134 0.791344 -0.516088 -1.15095 0.298619 -0.16628 -0.81976 0.693813 0.259825 2.23717 1.59229 -1.21538 
0.493198 0.793539 -0.520214 -1.17053 0.317802 -0.150172 -0.817029 0.688652 0.26513 2.2502 1.58322 -1.21163 
0.500272 0.796036 -0.524151 -1.19015 0.336931 -0.134166 -0.814227 0.68357 0.270449 2.26322 1.57386 -1.20798 
0.507343 0.798834 -0.527896 -1.20978 0.356009 -0.118259 -0.811351 0.678564 0.275782 2.27623 1.56422 -1.20444 
0.514401 0.801932 -0.531448 -1.22944 0.375036 -0.102451 -0.808403 0.673633 0.281128 2.28922 1.5543 -1.20099 
0.521435 0.805329 -0.534805 -1.24911 0.394016 -0.08674 -0.805382 0.668778 0.286487 2.30218 1.54411 -1.19764 
0.526359 0.807901 -0.537047 -1.26297 0.407337 -0.0757391 -0.803211 0.665408 0.290271 2.31129 1.53679 -1.19534 
0.531263 0.810619 -0.539192 -1.27683 0.420637 -0.0647847 -0.801003 0.662075 0.29406 2.32038 1.52935 -1.19309 
0.53614 0.813485 -0.541239 -1.2907 0.433915 -0.0538764 -0.798759 0.658778 0.297854 2.32945 1.52177 -1.19089 
0.540987 0.816497 -0.543187 -1.30456 0.447171 -0.0430133 -0.796477 0.655517 0.301653 2.33851 1.51408 -1.18873 
0.545801 0.819656 -0.545038 -1.31843 0.460407 -0.0321949 -0.794158 0.652291 0.305457 2.34755 1.50626 -1.18662 
0.550577 0.822959 -0.54679 -1.33229 0.473624 -0.0214203 -0.791801 0.6491 0.309264 2.35657 1.49833 -1.18455 
0.555311 0.826407 -0.548444 -1.34615 0.486821 -0.010689 -0.789406 0.645943 0.313075 2.36557 1.49028 -1.18252 
0.56 0.83 -0.55 -1.36 0.5 0 -0.786965 0.642824 0.316891 2.37455 1.48212 -1.18054 

