73
-0.59 1.48 -1.57 -1.36 -0.4 0 1.0144 0.504505 -0.149664 1.6056 -1.17541 0.157832 
-0.609504 1.49683 -1.52037 -1.24952 -0.455895 0.026875 1.01586 0.547323 -0.123947 1.56495 -1.15753 0.0862231 
-0.596428 1.49438 -1.4388 -1.05559 -0.486638 -0.0988577 1.01883 0.529952 -0.0497344 1.56101 -1.14958 0.0582238 
-0.618457 1.46116 -1.32602 -1.01547 -0.592965 -0.0132579 1.00013 0.527376 0.00972931 1.49531 -1.08788 -0.0165135 
-0.633845 1.38692 -1.21689 -1.11407 -0.593594 0.124814 0.998121 0.581914 0.0183846 1.38321 -1.12824 0.0181969 
-0.617037 1.33492 -1.07531 -1.08374 -0.593929 0.0561752 0.991317 0.612529 0.126613 1.26363 -1.19356 0.186523 
-0.638692 1.29151 -1.08901 -1.22908 -0.642009 0.0603527 0.961816 0.53187 0.149933 1.21525 -1.11386 0.300899 
-0.6077 1.16975 -1.05497 -1.37796 -0.560997 0.0129083 0.951121 0.409414 0.166064 1.24488 -1.1052 0.415249 
-0.596571 1.0361 -0.850298 -1.32737 -0.57918 0.0477447 0.906397 0.364804 0.238092 1.15869 -1.08187 0.363327 
-0.575735 0.971845 -0.811069 -1.2998 -0.572031 -0.0307138 0.880042 0.254135 0.250169 1.21771 -0.996267 0.323443 
-0.573561 0.82519 -0.73353 -1.45338 -0.567958 0.0732822 0.816686 0.196041 0.178668 1.22946 -0.895622 0.279766 
-0.536702 0.714186 -0.563158 -1.34524 -0.55115 -0.0269736 0.754935 0.120658 0.254268 1.18577 -0.833224 0.287179 
-0.462718 0.59951 -0.417594 -1.25211 -0.436754 -0.0218313 0.704367 0.0552783 0.325691 1.15465 -0.844419 0.213551 
-0.490808 0.652235 -0.346534 -1.11759 -0.527274 -0.0375899 0.712962 0.135036 0.421933 0.994596 -0.923239 0.276478 
-0.504244 0.597427 -0.230937 -1.00288 -0.590087 -0.246665 0.683589 0.168122 0.369803 1.0062 -0.866353 0.340938 
-0.524063 0.635482 -0.140612 -0.903717 -0.770591 -0.227664 0.629135 0.172872 0.430997 0.883754 -0.777413 0.301345 
-0.496254 0.663457 -0.13145 -0.79583 -0.859693 -0.293681 0.590601 0.0709694 0.461622 0.970535 -0.626858 0.164333 
-0.450355 0.60068 -0.0356136 -0.711356 -0.881829 -0.485774 0.516554 0.00875079 0.482173 0.962695 -0.528021 0.255777 
-0.414003 0.650425 0.0324265 -0.592115 -1.01052 -0.395682 0.464441 -0.00228664 0.545429 0.887361 -0.478366 0.108116 
-0.341836 0.752733 0.0191167 -0.462205 -1.12406 -0.481943 0.399116 -0.0799774 0.658388 0.828128 -0.407985 0.123905 
-0.291767 0.760579 0.134011 -0.35478 -1.27246 -0.4352 0.324373 -0.0259566 0.6308 0.771505 -0.350361 0.0142807 
-0.245182 0.717244 0.282307 -0.27346 -1.36899 -0.465409 0.257921 0.063812 0.577572 0.635124 -0.349313 0.0911268 
-0.211076 0.777359 0.330656 -0.214644 -1.47004 -0.309017 0.228659 0.158196 0.587727 0.490262 -0.433191 0.0332813 
-0.145446 0.751608 0.397846 -0.109709 -1.47247 -0.151077 0.194091 0.204245 0.593465 0.445604 -0.512293 -0.124429 
-0.0570966 0.796638 0.363716 -0.0128645 -1.49642 -0.0251856 0.112348 0.171793 0.647498 0.310748 -0.49981 -0.19235 
0.0208561 0.701668 0.460907 0.0787554 -1.43926 0.104238 0.0401337 0.22346 0.621 0.178332 -0.574994 -0.25943 
0.0780053 0.606837 0.568502 0.152261 -1.42685 0.248864 0.000557334 0.289223 0.531873 0.138736 -0.577827 -0.406495 
0.157425 0.582362 0.628988 0.213918 -1.41912 0.271812 -0.087059 0.39408 0.481956 -0.0449345 -0.676776 -0.318729 
0.188097 0.564515 0.627986 0.217829 -1.43049 0.468775 -0.138225 0.365968 0.445077 -0.184515 -0.588602 -0.420706 
0.23696 0.497661 0.632092 0.266446 -1.36543 0.649619 -0.183385 0.347242 0.408242 -0.288018 -0.551007 -0.551541 
0.281825 0.489485 0.588818 0.336082 -1.40642 0.713558 -0.195092 0.276112 0.333873 -0.389831 -0.33011 -0.545345 
0.349284 0.392218 0.565116 0.446536 -1.26338 0.616005 -0.234322 0.26276 0.302154 -0.430903 -0.341417 -0.50281 
0.374601 0.339087 0.553766 0.472914 -1.17969 0.817402 -0.271625 0.266313 0.273956 -0.567846 -0.368648 -0.622181 
0.322674 0.244668 0.491699 0.481243 -1.0411 0.823412 -0.211683 0.141494 0.255363 -0.583766 -0.198216 -0.634108 
0.38298 0.298823 0.39245 0.618157 -1.09576 0.757994 -0.20947 0.114858 0.201344 -0.533961 -0.0535056 -0.713891 
0.330696 0.362351 0.286447 0.576515 -1.0926 0.655734 -0.165936 0.0068323 0.226239 -0.395284 0.0949194 -0.725278 
0.325805 0.348745 0.153398 0.665491 -0.94925 0.528089 -0.157399 -0.0695746 0.212923 -0.429216 0.155245 -0.683615 
0.372061 0.354707 0.0987271 0.774589 -0.906912 0.340858 -0.207368 -0.0656713 0.228206 -0.290318 0.0791825 -0.749588 
0.376728 0.320782 0.0297588 0.853858 -0.843153 0.333817 -0.201125 -0.0563242 0.115347 -0.21565 0.179803 -0.927661 
0.318433 0.286513 -0.037699 0.862706 -0.69192 0.192056 -0.176773 -0.096589 0.0713837 -0.0975587 0.240554 -0.945503 
0.335983 0.203829 -0.00352009 0.92423 -0.671719 0.0400773 -0.174747 -0.000852529 -0.0859631 -0.0739394 0.300936 -0.892559 
0.384173 0.335225 -0.170838 1.00131 -0.748286 0.0699453 -0.21531 -0.0336956 -0.104462 -0.0836617 0.38391 -1.01255 
0.403512 0.376214 -0.274033 1.12786 -0.727647 0.110077 -0.238814 -0.054965 -0.0844834 -0.0548387 0.348894 -1.2195 
0.386407 0.413554 -0.367551 1.17773 -0.659433 -0.102453 -0.265029 -0.0901714 -0.0833158 0.096337 0.374583 -1.22115 
0.464025 0.373531 -0.266325 1.19079 -0.760889 -0.203129 -0.311681 -0.00108573 -0.0874139 0.246616 0.274558 -1.26366 
0.534507 0.424391 -0.356718 1.31614 -0.84074 -0.371613 -0.35334 0.051377 -0.113272 0.336122 0.216703 -1.31616 
0.616086 0.496968 -0.337647 1.229 -0.981699 -0.42317 -0.418477 0.146583 -0.16055 0.499112 0.230532 -1.32924 
0.620689 0.447283 -0.235827 1.15063 -0.962904 -0.550667 -0.447972 0.199997 -0.218649 0.701431 0.299466 -1.31903 
0.610171 0.369063 -0.157884 1.11448 -0.882622 -0.698251 -0.474696 0.249957 -0.294397 0.874528 0.385342 -1.31017 
0.639438 0.293463 -0.0406186 1.07515 -0.865134 -0.751177 -0.505669 0.370588 -0.409987 1.03601 0.454678 -1.36456 
0.710891 0.40409 -0.0960891 1.08611 -0.961585 -0.895485 -0.567457 0.456128 -0.44066 1.17534 0.477218 -1.3602 
0.697083 0.34601 -0.0846848 1.13205 -0.857882 -1.11126 -0.583669 0.474983 -0.460962 1.31222 0.530507 -1.32536 
0.633465 0.249915 0.00207526 1.03025 -0.687713 -1.11306 -0.605097 0.501896 -0.507058 1.36334 0.668932 -1.28228 
0.632724 0.281742 0.0334174 0.905412 -0.711521 -1.22567 -0.633289 0.534684 -0.519404 1.36347 0.729094 -1.05736 
0.656499 0.275563 0.144894 0.778961 -0.764664 -1.09779 -0.654404 0.669345 -0.627892 1.39358 0.799822 -1.08527 
0.633254 0.27068 0.202822 0.612834 -0.714142 -1.07485 -0.690054 0.786114 -0.729069 1.44789 0.931752 -1.01115 
0.585035 0.314397 0.0970123 0.523032 -0.553393 -1.05478 -0.740536 0.780248 -0.689166 1.53356 1.05506 -1.05417 
0.572914 0.444851 0.073769 0.373875 -0.664611 -1.01323 -0.7799 0.778078 -0.587196 1.54287 1.11286 -1.042 
0.528006 0.44596 0.135963 0.260665 -0.705041 -0.908604 -0.763492 0.71856 -0.428082 1.59673 1.11217 -1.15306 
0.520358 0.576895 0.116562 0.15743 -0.81453 -0.792104 -0.797189 0.804603 -0.423565 1.60027 1.18708 -1.26584 
0.488999 0.74255 0.00343372 0.066412 -0.920141 -0.704125 -0.833595 0.783934 -0.339703 1.5395 1.22565 -1.32859 
0.440048 0.838666 -0.110643 -0.0470721 -0.849768 -0.667102 -0.869967 0.77712 -0.203076 1.59032 1.31634 -1.43113 
0.396335 0.993922 -0.174725 -0.121667 -0.995705 -0.732568 -0.87044 0.784874 -0.0945767 1.56333 1.30738 -1.42596 
0.347397 0.989127 -0.232974 -0.274745 -0.830657 -0.736772 -0.889923 0.828841 -0.0342069 1.62669 1.43997 -1.42978 
0.36342 0.980832 -0.193669 -0.275711 -0.738226 -0.842373 -0.883015 1.00712 -0.120345 1.72139 1.53481 -1.4288 
0.324664 0.962753 -0.238714 -0.368244 -0.57564 -0.912759 -0.869903 0.997311 0.0314361 1.81149 1.63206 -1.41748 
0.322556 0.896776 -0.292488 -0.5035 -0.407525 -0.776523 -0.87169 0.929532 0.0765484 1.84791 1.67801 -1.3859 
0.337486 0.843653 -0.350164 -0.643676 -0.240645 -0.634216 -0.867587 0.866035 0.119318 1.91222 1.70162 -1.34613 
0.36833 0.806475 -0.407193 -0.788673 -0.0766506 -0.490768 -0.858589 0.808114 0.160921 1.99727 1.69931 -1.30367 
0.412282 0.787092 -0.459209 -0.938453 0.083854 -0.350229 -0.845209 0.756087 0.202266 2.09485 1.67062 -1.26303 
0.465109 0.786566 -0.502599 -1.09242 0.240733 -0.215212 -0.827525 0.70977 0.244003 2.19805 1.61767 -1.22723 
0.521435 0.805329 -0.534805 -1.24911 0.394016 -0.08674 -0.805382 0.668778 0.286487 2.30218 1.54411 -1.19764 
0.56 0.83 -0.55 -1.36 0.5 0 -0.786965 0.642824 0.316891 2.37455 1.48212 -1.18054 
