225
0.5236 1.7453 -1.8326 -1.4835 1.5708 0 1.00428 0.2729 0.9486 -1.15011 1.81001 -1.97739 
0.52704 1.74318 -1.81606 -1.49722 1.57821 -0.0170551 0.995534 0.261294 0.943789 -1.15186 1.80355 -1.96002 
0.53037 1.74107 -1.79948 -1.51079 1.58569 -0.0341934 0.986762 0.249689 0.939009 -1.1535 1.79688 -1.94273 
0.533591 1.73898 -1.78285 -1.52422 1.59322 -0.0514149 0.977963 0.238087 0.934259 -1.15506 1.79001 -1.92553 
0.536703 1.7369 -1.76618 -1.5375 1.60079 -0.0687202 0.969136 0.226491 0.929542 -1.15651 1.78295 -1.90841 
0.539707 1.73483 -1.74948 -1.55064 1.60841 -0.0861103 0.96028 0.214902 0.924861 -1.15787 1.77568 -1.89137 
0.542602 1.73277 -1.73274 -1.56364 1.61608 -0.103585 0.951392 0.203324 0.920219 -1.15911 1.76822 -1.87442 
0.545389 1.73071 -1.71597 -1.57649 1.62377 -0.121146 0.942473 0.191758 0.915616 -1.16025 1.76057 -1.85755 
0.548069 1.72865 -1.69916 -1.58919 1.6315 -0.138792 0.933519 0.180207 0.911057 -1.16127 1.75273 -1.84077 
0.550641 1.72658 -1.68233 -1.60176 1.63925 -0.156527 0.92453 0.168673 0.906541 -1.16218 1.74471 -1.82408 
0.553106 1.72451 -1.66547 -1.61419 1.64703 -0.174347 0.915504 0.157158 0.902073 -1.16296 1.73651 -1.80747 
0.555466 1.72243 -1.64858 -1.62647 1.65482 -0.192254 0.90644 0.145665 0.897655 -1.16362 1.72812 -1.79096 
0.55772 1.72034 -1.63167 -1.63862 1.66263 -0.210248 0.897337 0.134196 0.89329 -1.16416 1.71956 -1.77452 
0.559869 1.71824 -1.61473 -1.65063 1.67045 -0.228327 0.888193 0.122755 0.888979 -1.16456 1.71082 -1.75818 
0.561915 1.71611 -1.59778 -1.66251 1.67826 -0.246493 0.879006 0.111343 0.884726 -1.16484 1.70192 -1.74192 
0.563858 1.71397 -1.5808 -1.67426 1.68608 -0.264746 0.869776 0.0999638 0.880532 -1.16497 1.69285 -1.72574 
0.565699 1.7118 -1.56381 -1.68587 1.69389 -0.283083 0.860501 0.0886191 0.876399 -1.16497 1.68362 -1.70965 
0.567438 1.7096 -1.54681 -1.69735 1.70169 -0.301518 0.851181 0.0773069 0.872321 -1.16483 1.67423 -1.69366 
0.569077 1.70737 -1.52979 -1.70871 1.70947 -0.320037 0.841814 0.0660349 0.868308 -1.16455 1.66469 -1.67775 
0.570617 1.70511 -1.51276 -1.71993 1.71724 -0.33864 0.8324 0.0548056 0.864364 -1.16412 1.655 -1.66193 
0.572059 1.70282 -1.49572 -1.73104 1.72498 -0.357327 0.822936 0.0436218 0.860491 -1.16355 1.64515 -1.64619 
0.573405 1.70049 -1.47867 -1.74202 1.7327 -0.376097 0.813423 0.0324858 0.856689 -1.16283 1.63517 -1.63054 
0.574655 1.69812 -1.46161 -1.75288 1.74038 -0.394949 0.80386 0.0214005 0.852963 -1.16196 1.62504 -1.61496 
0.575812 1.69571 -1.44455 -1.76362 1.74803 -0.413882 0.794245 0.0103686 0.849313 -1.16094 1.61477 -1.59947 
0.576875 1.69325 -1.42747 -1.77424 1.75563 -0.432895 0.78458 -0.000607531 0.845741 -1.15976 1.60437 -1.58405 
0.577847 1.69075 -1.41039 -1.78475 1.76319 -0.451988 0.774862 -0.0115258 0.842249 -1.15844 1.59383 -1.56872 
0.578728 1.6882 -1.39331 -1.79514 1.77071 -0.47116 0.765091 -0.0223831 0.83884 -1.15696 1.58317 -1.55347 
0.579521 1.6856 -1.37622 -1.80542 1.77817 -0.490409 0.755268 -0.0331767 0.835514 -1.15532 1.57239 -1.53829 
0.580226 1.68295 -1.35913 -1.8156 1.78558 -0.509733 0.745393 -0.0439044 0.832275 -1.15352 1.56149 -1.52319 
0.580844 1.68025 -1.34204 -1.82566 1.79294 -0.529133 0.735464 -0.0545637 0.829123 -1.15157 1.55047 -1.50816 
0.581378 1.67749 -1.32495 -1.83562 1.80023 -0.548605 0.725482 -0.0651522 0.826061 -1.14947 1.53933 -1.49321 
0.581829 1.67467 -1.30786 -1.84547 1.80745 -0.56815 0.715448 -0.0756674 0.82309 -1.1472 1.52809 -1.47833 
0.582197 1.67179 -1.29077 -1.85523 1.81461 -0.587765 0.705361 -0.0861072 0.820211 -1.14478 1.51674 -1.46351 
0.582503 1.66883 -1.27372 -1.86487 1.82171 -0.607517 0.695192 -0.0964974 0.817389 -1.14221 1.50532 -1.44884 
0.58273 1.66581 -1.25667 -1.87441 1.82873 -0.627336 0.68497 -0.106807 0.814663 -1.13949 1.4938 -1.43423 
0.582881 1.66272 -1.23962 -1.88385 1.83567 -0.647221 0.674697 -0.117035 0.812033 -1.13661 1.48218 -1.41969 
0.582956 1.65957 -1.22258 -1.8932 1.84253 -0.667172 0.664374 -0.127178 0.809502 -1.13357 1.47047 -1.40522 
0.582958 1.65636 -1.20554 -1.90245 1.84932 -0.687186 0.653999 -0.137235 0.807071 -1.13037 1.45867 -1.3908 
0.582888 1.65309 -1.18851 -1.91162 1.85602 -0.707262 0.643576 -0.147203 0.80474 -1.12702 1.44678 -1.37645 
0.582747 1.64974 -1.17148 -1.92069 1.86264 -0.727399 0.633104 -0.157081 0.802511 -1.1235 1.43482 -1.36216 
0.582537 1.64633 -1.15446 -1.92967 1.86917 -0.747595 0.622584 -0.166868 0.800386 -1.11983 1.42277 -1.34793 
0.58226 1.64286 -1.13745 -1.93856 1.87561 -0.767848 0.612018 -0.17656 0.798365 -1.116 1.41065 -1.33376 
0.581916 1.63932 -1.12044 -1.94736 1.88197 -0.788157 0.601407 -0.186158 0.796449 -1.11201 1.39845 -1.31964 
0.581508 1.63571 -1.10344 -1.95608 1.88823 -0.808521 0.590752 -0.195659 0.794639 -1.10787 1.38618 -1.30558 
0.581037 1.63203 -1.08644 -1.96471 1.89441 -0.828937 0.580055 -0.205062 0.792936 -1.10357 1.37385 -1.29157 
0.580505 1.62829 -1.06946 -1.97326 1.9005 -0.849405 0.569317 -0.214365 0.791341 -1.09912 1.36145 -1.27761 
0.579913 1.62448 -1.05248 -1.98173 1.90649 -0.869922 0.55854 -0.223567 0.789855 -1.09452 1.349 -1.2637 
0.579262 1.6206 -1.03551 -1.99012 1.91239 -0.890487 0.547725 -0.232668 0.788479 -1.08976 1.33648 -1.24984 
0.578554 1.61665 -1.01854 -1.99843 1.91819 -0.911099 0.536874 -0.241665 0.787212 -1.08486 1.32391 -1.23603 
0.577795 1.61263 -1.00159 -2.00665 1.9239 -0.93176 0.525986 -0.250559 0.786057 -1.07981 1.31128 -1.22226 
0.576983 1.60855 -0.98465 -2.01479 1.92952 -0.952465 0.515065 -0.259348 0.785012 -1.07461 1.29861 -1.20854 
0.576118 1.6044 -0.967717 -2.02286 1.93505 -0.973212 0.504114 -0.26803 0.78408 -1.06927 1.28588 -1.19486 
0.575202 1.60019 -0.950793 -2.03086 1.94048 -0.994 0.493135 -0.276606 0.783259 -1.06378 1.27311 -1.18122 
0.574238 1.59591 -0.933878 -2.03877 1.94581 -1.01483 0.48213 -0.285075 0.782552 -1.05814 1.2603 -1.16763 
0.573226 1.59156 -0.916972 -2.04662 1.95106 -1.03569 0.471101 -0.293435 0.781957 -1.05237 1.24745 -1.15407 
0.572168 1.58715 -0.900075 -2.05439 1.95621 -1.0566 0.46005 -0.301687 0.781476 -1.04645 1.23455 -1.14054 
0.571066 1.58268 -0.883188 -2.06209 1.96127 -1.07754 0.448979 -0.30983 0.781109 -1.0404 1.22162 -1.12706 
0.569921 1.57814 -0.866309 -2.06971 1.96623 -1.09851 0.437891 -0.317863 0.780855 -1.0342 1.20866 -1.11361 
0.568735 1.57354 -0.84944 -2.07726 1.97111 -1.11952 0.426787 -0.325785 0.780716 -1.02787 1.19566 -1.10019 
0.567508 1.56888 -0.832581 -2.08475 1.97589 -1.14056 0.415672 -0.333598 0.780691 -1.02141 1.18263 -1.0868 
0.566244 1.56416 -0.81573 -2.09216 1.98059 -1.16164 0.404546 -0.3413 0.78078 -1.01481 1.16956 -1.07345 
0.564942 1.55938 -0.798889 -2.09951 1.9852 -1.18274 0.393413 -0.348891 0.780984 -1.00808 1.15647 -1.06013 
0.563605 1.55454 -0.782057 -2.10678 1.98971 -1.20388 0.382274 -0.35637 0.781303 -1.00122 1.14336 -1.04684 
0.562235 1.54964 -0.765233 -2.11399 1.99414 -1.22504 0.371133 -0.363739 0.781736 -0.994231 1.13021 -1.03358 
0.560832 1.54469 -0.748419 -2.12113 1.99849 -1.24624 0.359993 -0.370997 0.782283 -0.987116 1.11704 -1.02034 
0.568778 1.51784 -0.72772 -2.10952 1.98981 -1.24435 0.359495 -0.38326 0.780761 -0.99661 1.12428 -1.03378 
0.576534 1.49082 -0.707076 -2.09815 1.98073 -1.24252 0.359211 -0.395294 0.779066 -1.00631 1.13115 -1.04728 
0.584097 1.46364 -0.686494 -2.08701 1.97126 -1.24075 0.359148 -0.40709 0.777207 -1.0162 1.13763 -1.06083 
0.591461 1.4363 -0.665982 -2.07612 1.9614 -1.23902 0.359311 -0.418642 0.775194 -1.02628 1.14374 -1.07442 
0.598623 1.40881 -0.645546 -2.06548 1.95116 -1.23734 0.359705 -0.429941 0.773037 -1.03654 1.14945 -1.08807 
0.605579 1.38118 -0.625192 -2.05507 1.94052 -1.23571 0.360331 -0.440982 0.770747 -1.04696 1.15478 -1.10176 
0.612324 1.3534 -0.604928 -2.0449 1.92951 -1.23411 0.361194 -0.45176 0.768333 -1.05754 1.1597 -1.11548 
0.618854 1.32549 -0.584759 -2.03497 1.91812 -1.23255 0.362294 -0.462269 0.765807 -1.06827 1.16423 -1.12925 
0.625164 1.29745 -0.564701 -2.02528 1.90637 -1.23102 0.363632 -0.472491 0.763169 -1.07914 1.16837 -1.14304 
0.631251 1.26929 -0.54475 -2.01581 1.89425 -1.22952 0.365209 -0.482434 0.760439 -1.09013 1.1721 -1.15686 
0.637107 1.24102 -0.524913 -2.00657 1.88176 -1.22804 0.367024 -0.492094 0.757625 -1.10124 1.17543 -1.1707 
0.642729 1.21264 -0.505196 -1.99756 1.86892 -1.22658 0.369076 -0.501467 0.754738 -1.11246 1.17837 -1.18457 
0.648112 1.18415 -0.485605 -1.98876 1.85573 -1.22513 0.371362 -0.510548 0.751787 -1.12377 1.1809 -1.19844 
0.65325 1.15557 -0.466144 -1.98017 1.84219 -1.2237 0.37388 -0.519335 0.748781 -1.13518 1.18305 -1.21233 
0.658137 1.12691 -0.446817 -1.97179 1.8283 -1.22227 0.376625 -0.527825 0.745729 -1.14665 1.18481 -1.22623 
0.662769 1.09816 -0.427629 -1.9636 1.81408 -1.22084 0.379593 -0.536015 0.74264 -1.1582 1.18618 -1.24012 
0.667152 1.06941 -0.408656 -1.95559 1.79958 -1.21939 0.382754 -0.543816 0.739491 -1.1698 1.18717 -1.254 
0.671269 1.04059 -0.389828 -1.94776 1.78476 -1.21794 0.386126 -0.551313 0.736322 -1.18145 1.18779 -1.26787 
0.675114 1.01171 -0.371149 -1.9401 1.76962 -1.21648 0.389704 -0.558506 0.733138 -1.19313 1.18804 -1.28173 
0.67868 0.982774 -0.352622 -1.93262 1.75416 -1.215 0.39348 -0.565391 0.729949 -1.20485 1.18793 -1.29558 
0.681961 0.953797 -0.334251 -1.92528 1.73839 -1.2135 0.397447 -0.571966 0.72676 -1.21658 1.18746 -1.3094 
0.68495 0.924781 -0.316036 -1.9181 1.7223 -1.21198 0.401597 -0.57823 0.723578 -1.22833 1.18665 -1.32321 
0.687641 0.895734 -0.29798 -1.91105 1.70592 -1.21043 0.405922 -0.584181 0.720408 -1.24009 1.1855 -1.33698 
0.690025 0.866663 -0.280084 -1.90414 1.68923 -1.20885 0.410412 -0.589818 0.717255 -1.25184 1.18401 -1.35072 
0.692098 0.837584 -0.262358 -1.89734 1.67224 -1.20723 0.415054 -0.595132 0.714125 -1.26358 1.1822 -1.36442 
0.693849 0.808497 -0.244795 -1.89066 1.65496 -1.20557 0.419841 -0.600128 0.711021 -1.2753 1.18007 -1.37809 
0.69527 0.77941 -0.227394 -1.88407 1.63738 -1.20386 0.424766 -0.604804 0.707949 -1.28699 1.17764 -1.39171 
0.696351 0.75033 -0.210157 -1.87758 1.61952 -1.20211 0.429815 -0.609159 0.704911 -1.29866 1.17491 -1.40527 
0.697085 0.721267 -0.193085 -1.87117 1.60136 -1.2003 0.434978 -0.613189 0.70191 -1.31028 1.17188 -1.41879 
0.697462 0.692229 -0.176177 -1.86483 1.58291 -1.19843 0.440244 -0.616894 0.69895 -1.32186 1.16857 -1.43225 
0.697472 0.663226 -0.159432 -1.85856 1.56417 -1.1965 0.4456 -0.62027 0.696031 -1.33339 1.16499 -1.44564 
0.697104 0.634266 -0.14285 -1.85234 1.54514 -1.19451 0.451035 -0.623315 0.693156 -1.34487 1.16115 -1.45897 
0.696564 0.605759 -0.126865 -1.84594 1.52625 -1.19239 0.456146 -0.625741 0.690318 -1.35637 1.15689 -1.47217 
0.695637 0.577312 -0.111036 -1.83958 1.50709 -1.19019 0.461308 -0.627845 0.687524 -1.36782 1.15238 -1.4853 
0.694314 0.548934 -0.0953618 -1.83324 1.48765 -1.18792 0.46651 -0.629624 0.684775 -1.37919 1.14765 -1.49835 
0.692583 0.520637 -0.0798407 -1.82691 1.46795 -1.18557 0.471736 -0.631075 0.682069 -1.39049 1.1427 -1.51132 
0.690436 0.492433 -0.0644718 -1.82059 1.44798 -1.18313 0.476973 -0.632195 0.679406 -1.40172 1.13753 -1.5242 
0.68786 0.464333 -0.0492528 -1.81426 1.42774 -1.18059 0.482208 -0.632983 0.676785 -1.41286 1.13216 -1.53699 
0.684848 0.436349 -0.0341818 -1.80792 1.40723 -1.17797 0.487425 -0.633434 0.674204 -1.42393 1.12659 -1.54969 
0.681387 0.408494 -0.0192568 -1.80156 1.38646 -1.17524 0.492611 -0.633547 0.67166 -1.43491 1.12084 -1.56229 
0.677472 0.380784 -0.00447849 -1.79517 1.36543 -1.17241 0.497743 -0.63332 0.669157 -1.4458 1.1149 -1.57478 
0.67309 0.353231 0.0101583 -1.78875 1.34414 -1.16946 0.502812 -0.632748 0.666686 -1.4566 1.10878 -1.58716 
0.668233 0.325848 0.024656 -1.78229 1.32259 -1.1664 0.507805 -0.63183 0.664243 -1.46731 1.10251 -1.59942 
0.662891 0.29865 0.0390172 -1.77578 1.30079 -1.16323 0.512706 -0.630563 0.661824 -1.47792 1.09608 -1.61157 
0.657058 0.271652 0.0532444 -1.76922 1.27874 -1.15992 0.517499 -0.628945 0.659425 -1.48844 1.08951 -1.62359 
0.650726 0.244868 0.0673407 -1.7626 1.25645 -1.15649 0.522169 -0.626975 0.657041 -1.49886 1.0828 -1.63548 
0.643891 0.218315 0.0813092 -1.75592 1.23391 -1.15292 0.526701 -0.62465 0.654667 -1.50918 1.07597 -1.64724 
0.636547 0.192007 0.095153 -1.74917 1.21115 -1.14922 0.531081 -0.621971 0.652298 -1.51941 1.06901 -1.65886 
0.628726 0.165996 0.108865 -1.74234 1.1882 -1.14535 0.535219 -0.618967 0.649982 -1.52956 1.06187 -1.67031 
0.620392 0.140259 0.12246 -1.73544 1.16504 -1.14134 0.539177 -0.615611 0.647658 -1.53961 1.05463 -1.68162 
0.611548 0.114809 0.135941 -1.72847 1.14168 -1.13718 0.54294 -0.611905 0.645321 -1.54957 1.0473 -1.69279 
0.602193 0.0896605 0.149314 -1.72141 1.11812 -1.13287 0.546496 -0.607851 0.642963 -1.55943 1.03988 -1.7038 
0.592331 0.0648259 0.162581 -1.71428 1.09438 -1.12841 0.549832 -0.603453 0.640581 -1.56919 1.03237 -1.71466 
0.581965 0.0403162 0.175748 -1.70707 1.07046 -1.12379 0.552939 -0.598715 0.638167 -1.57887 1.0248 -1.72537 
0.571104 0.0161423 0.188819 -1.69978 1.04639 -1.11902 0.555805 -0.593642 0.635716 -1.58846 1.01716 -1.73592 
0.559755 -0.00768689 0.201801 -1.69241 1.02217 -1.11409 0.558423 -0.58824 0.63322 -1.59796 1.00946 -1.74631 
0.547935 -0.0311549 0.214696 -1.68496 0.99783 -1.10901 0.560774 -0.582521 0.630683 -1.60738 1.0017 -1.75655 
0.535647 -0.0542645 0.227513 -1.67743 0.97337 -1.10377 0.562862 -0.576489 0.628092 -1.61671 0.9939 -1.76664 
0.522905 -0.0770103 0.240257 -1.66983 0.948805 -1.09838 0.564684 -0.570153 0.625441 -1.62597 0.986061 -1.77657 
0.509721 -0.0993895 0.252934 -1.66214 0.924147 -1.09284 0.566234 -0.563522 0.622727 -1.63515 0.978191 -1.78635 
0.49611 -0.121399 0.265551 -1.65438 0.899412 -1.08715 0.567509 -0.556608 0.619947 -1.64426 0.970296 -1.79599 
0.482088 -0.143041 0.278115 -1.64654 0.874612 -1.08133 0.56851 -0.549422 0.617096 -1.65331 0.962381 -1.80549 
0.46767 -0.164315 0.290634 -1.63864 0.84976 -1.07536 0.569236 -0.541974 0.614172 -1.66229 0.954451 -1.81485 
0.452873 -0.185226 0.303114 -1.63065 0.824867 -1.06927 0.569688 -0.534279 0.611173 -1.6712 0.946513 -1.82408 
0.459111 -0.191788 0.308556 -1.63073 0.841989 -1.06062 0.579862 -0.50787 0.590818 -1.66871 0.967473 -1.83015 
0.465111 -0.198113 0.313943 -1.63078 0.859074 -1.05186 0.589837 -0.481349 0.570329 -1.66623 0.988432 -1.83612 
0.470866 -0.204189 0.319277 -1.63081 0.876116 -1.04298 0.599604 -0.454712 0.5497 -1.66376 1.00938 -1.84196 
0.47637 -0.210008 0.324557 -1.63081 0.893109 -1.03398 0.609153 -0.427953 0.528928 -1.66132 1.03031 -1.84769 
0.481617 -0.215559 0.329785 -1.63077 0.910049 -1.02485 0.618474 -0.401068 0.508009 -1.65889 1.05122 -1.85329 
0.486603 -0.220832 0.334964 -1.6307 0.926931 -1.0156 0.627555 -0.374054 0.486937 -1.65647 1.07209 -1.85876 
0.491323 -0.22582 0.340095 -1.63058 0.94375 -1.00621 0.636386 -0.346908 0.465711 -1.65408 1.09291 -1.8641 
0.495775 -0.230514 0.345181 -1.63042 0.960499 -0.996685 0.644958 -0.31963 0.444325 -1.6517 1.11367 -1.8693 
0.499949 -0.234903 0.35023 -1.63021 0.977175 -0.987016 0.653274 -0.292207 0.422772 -1.64934 1.13438 -1.87435 
0.50385 -0.238982 0.35524 -1.62994 0.99377 -0.977205 0.66131 -0.26465 0.401052 -1.64701 1.15501 -1.87927 
0.507478 -0.242745 0.360216 -1.6296 1.01028 -0.96725 0.66906 -0.23696 0.379163 -1.64468 1.17554 -1.88404 
0.510832 -0.246185 0.365163 -1.6292 1.0267 -0.957149 0.676514 -0.209139 0.357101 -1.64238 1.19597 -1.88866 
0.513913 -0.249296 0.370085 -1.62871 1.04302 -0.946901 0.683666 -0.181188 0.334863 -1.6401 1.21628 -1.89314 
0.516725 -0.252074 0.374987 -1.62815 1.05924 -0.936505 0.690511 -0.153112 0.312446 -1.63784 1.23645 -1.89747 
0.51927 -0.254514 0.379873 -1.62749 1.07535 -0.925961 0.69704 -0.124915 0.289847 -1.63559 1.25649 -1.90165 
0.521553 -0.256613 0.38475 -1.62673 1.09134 -0.91527 0.703252 -0.096602 0.267064 -1.63337 1.27637 -1.90569 
0.523517 -0.258366 0.389667 -1.62591 1.1072 -0.904387 0.709214 -0.0681034 0.244056 -1.63115 1.29619 -1.90953 
0.525227 -0.259768 0.394584 -1.62498 1.12293 -0.893357 0.714849 -0.0394996 0.220857 -1.62895 1.31583 -1.91322 
0.526691 -0.260818 0.399506 -1.62393 1.13853 -0.882181 0.720154 -0.0107973 0.197466 -1.62677 1.33528 -1.91677 
0.527915 -0.261516 0.404437 -1.62276 1.15398 -0.870861 0.725131 0.0179954 0.173881 -1.62462 1.35453 -1.92018 
0.528909 -0.261861 0.409383 -1.62145 1.16929 -0.859398 0.72978 0.0468717 0.150099 -1.62249 1.37356 -1.92344 
0.529681 -0.261851 0.414349 -1.62002 1.18444 -0.847796 0.734103 0.0758222 0.126118 -1.62039 1.39238 -1.92657 
0.530242 -0.261488 0.419338 -1.61844 1.19944 -0.836057 0.738101 0.104839 0.101938 -1.61831 1.41095 -1.92955 
0.530601 -0.260772 0.424355 -1.61671 1.21427 -0.824184 0.74178 0.133913 0.0775565 -1.61627 1.42929 -1.9324 
0.530763 -0.259705 0.429411 -1.61485 1.22892 -0.812176 0.74515 0.163043 0.0529676 -1.61426 1.44739 -1.93512 
0.530745 -0.258286 0.434501 -1.61283 1.2434 -0.800039 0.748209 0.192214 0.0281749 -1.61228 1.46523 -1.93771 
0.53056 -0.256518 0.43963 -1.61065 1.25769 -0.787778 0.750964 0.221416 0.00317715 -1.61034 1.4828 -1.94017 
0.530219 -0.254401 0.444799 -1.60831 1.27178 -0.775396 0.753422 0.250641 -0.0220264 -1.60844 1.5001 -1.94252 
0.529734 -0.251938 0.450013 -1.60582 1.28568 -0.762895 0.755592 0.279882 -0.047437 -1.60658 1.51712 -1.94474 
0.529117 -0.24913 0.455272 -1.60316 1.29937 -0.750279 0.75748 0.30913 -0.0730547 -1.60477 1.53385 -1.94685 
0.528382 -0.245979 0.460578 -1.60034 1.31285 -0.737552 0.759094 0.338377 -0.09888 -1.60301 1.5503 -1.94885 
0.52754 -0.242487 0.465933 -1.59735 1.32611 -0.724717 0.760444 0.367616 -0.124913 -1.60131 1.56644 -1.95074 
0.526068 -0.23842 0.471379 -1.59438 1.33886 -0.711626 0.761884 0.397243 -0.151541 -1.59947 1.58284 -1.95237 
0.524507 -0.234003 0.476872 -1.59124 1.35137 -0.698429 0.763065 0.426851 -0.178384 -1.59771 1.5989 -1.9539 
0.522871 -0.229238 0.482414 -1.58793 1.36363 -0.685131 0.763998 0.456434 -0.205438 -1.59601 1.61464 -1.95533 
0.521173 -0.224127 0.488002 -1.58447 1.37563 -0.671735 0.764694 0.485985 -0.232705 -1.59439 1.63005 -1.95666 
0.519424 -0.218673 0.493637 -1.58084 1.38737 -0.658244 0.765164 0.515498 -0.260182 -1.59284 1.64512 -1.95789 
0.517639 -0.212878 0.499317 -1.57706 1.39883 -0.644661 0.765419 0.544969 -0.287868 -1.59137 1.65985 -1.95904 
0.515828 -0.206743 0.505039 -1.57312 1.41002 -0.630992 0.765469 0.57439 -0.315762 -1.58998 1.67424 -1.96009 
0.514006 -0.200271 0.510802 -1.56903 1.42092 -0.617237 0.765326 0.603759 -0.343861 -1.58868 1.68827 -1.96106 
0.512173 -0.193462 0.516603 -1.5648 1.43153 -0.603401 0.765007 0.633075 -0.372167 -1.58747 1.70196 -1.96195 
0.510352 -0.18632 0.522439 -1.56043 1.44183 -0.589487 0.764517 0.66233 -0.400674 -1.58635 1.71529 -1.96276 
0.508553 -0.178848 0.528306 -1.55593 1.45183 -0.575498 0.763865 0.69152 -0.429378 -1.58534 1.72825 -1.9635 
0.506789 -0.171046 0.534199 -1.5513 1.46152 -0.561439 0.763064 0.720642 -0.458277 -1.58442 1.74085 -1.96417 
0.505069 -0.162917 0.540114 -1.54654 1.47088 -0.547312 0.762124 0.749695 -0.487367 -1.5836 1.75307 -1.96477 
0.503404 -0.154463 0.546046 -1.54167 1.47993 -0.533121 0.761054 0.778675 -0.516645 -1.5829 1.76492 -1.9653 
0.501806 -0.145687 0.551991 -1.5367 1.48864 -0.51887 0.759865 0.807581 -0.546106 -1.5823 1.77638 -1.96577 
0.500283 -0.13659 0.557942 -1.53162 1.49701 -0.504561 0.758566 0.836411 -0.575746 -1.58181 1.78746 -1.96619 
0.498765 -0.127137 0.56388 -1.52648 1.50498 -0.490188 0.75721 0.865191 -0.605589 -1.58142 1.7982 -1.96654 
0.497343 -0.117367 0.569811 -1.52126 1.5126 -0.475764 0.755762 0.893894 -0.635601 -1.58115 1.80854 -1.96684 
0.496024 -0.107283 0.57573 -1.51597 1.51987 -0.461294 0.754232 0.922518 -0.665777 -1.581 1.81848 -1.9671 
0.494818 -0.096888 0.58163 -1.51061 1.52678 -0.446781 0.752628 0.951063 -0.696111 -1.58096 1.82801 -1.96731 
0.493733 -0.0861842 0.587502 -1.50521 1.53333 -0.432229 0.75096 0.979529 -0.726597 -1.58105 1.83713 -1.96749 
0.492777 -0.0751753 0.593341 -1.49976 1.53951 -0.417641 0.749235 1.00792 -0.757229 -1.58126 1.84584 -1.96762 
0.491959 -0.0638645 0.599138 -1.49427 1.54533 -0.403021 0.747461 1.03622 -0.788 -1.58159 1.85412 -1.96773 
0.491285 -0.0522554 0.604885 -1.48877 1.55078 -0.388373 0.745645 1.06445 -0.818903 -1.58204 1.86198 -1.96781 
0.490753 -0.0403474 0.610571 -1.48326 1.55584 -0.373701 0.7438 1.0926 -0.849933 -1.58261 1.86941 -1.96786 
0.490379 -0.0281492 0.61619 -1.47776 1.56054 -0.359009 0.741928 1.12068 -0.881081 -1.5833 1.87642 -1.96789 
0.490169 -0.0156653 0.621735 -1.47226 1.56485 -0.3443 0.740034 1.14868 -0.912339 -1.58411 1.88298 -1.96791 
0.490129 -0.00290047 0.627196 -1.4668 1.5688 -0.329579 0.738125 1.17661 -0.943698 -1.58505 1.8891 -1.96791 
0.490264 0.0101405 0.632565 -1.46136 1.57236 -0.31485 0.736207 1.20446 -0.975152 -1.58609 1.89478 -1.96791 
0.490578 0.0234515 0.637832 -1.45598 1.57556 -0.300116 0.734285 1.23224 -1.00669 -1.58726 1.90002 -1.9679 
0.491077 0.0370265 0.642989 -1.45066 1.57838 -0.285382 0.732364 1.25995 -1.03831 -1.58853 1.9048 -1.96789 
0.491764 0.0508594 0.648028 -1.44542 1.58083 -0.270652 0.730449 1.2876 -1.06999 -1.58992 1.90913 -1.96789 
0.491756 0.0591721 0.650549 -1.44302 1.5821 -0.262077 0.729627 1.3039 -1.08989 -1.59066 1.91168 -1.96926 
0.491811 0.0675684 0.653025 -1.44067 1.58324 -0.253505 0.728812 1.32017 -1.10981 -1.59143 1.91407 -1.97063 
0.491929 0.0760467 0.655455 -1.43835 1.58427 -0.244935 0.728005 1.33643 -1.12974 -1.59226 1.91632 -1.97201 
0.492113 0.0846055 0.657836 -1.43606 1.58519 -0.236369 0.727206 1.35267 -1.14968 -1.59312 1.9184 -1.97339 
0.49236 0.093243 0.660167 -1.43383 1.586 -0.227808 0.726416 1.36889 -1.16963 -1.59402 1.92033 -1.97477 
0.492673 0.101958 0.662446 -1.43163 1.58669 -0.219251 0.725636 1.3851 -1.1896 -1.59497 1.92211 -1.97616 
0.493052 0.110747 0.664671 -1.42949 1.58728 -0.210699 0.724866 1.40129 -1.20957 -1.59595 1.92372 -1.97755 
0.493496 0.119611 0.666841 -1.42739 1.58775 -0.202153 0.724107 1.41747 -1.22954 -1.59696 1.92519 -1.97895 
0.494006 0.128546 0.668952 -1.42534 1.58812 -0.193614 0.723359 1.43363 -1.24952 -1.59802 1.92649 -1.98036 
0.494582 0.137552 0.671005 -1.42334 1.58838 -0.185082 0.722623 1.44977 -1.2695 -1.5991 1.92764 -1.98177 
0.495224 0.146625 0.672998 -1.4214 1.58854 -0.176557 0.721898 1.46591 -1.28948 -1.60022 1.92864 -1.9832 
0.495934 0.155764 0.674928 -1.41952 1.58859 -0.16804 0.721186 1.48203 -1.30946 -1.60137 1.92948 -1.98463 
0.496709 0.164967 0.676794 -1.41769 1.58854 -0.159532 0.720486 1.49814 -1.32944 -1.60255 1.93016 -1.98606 
0.497551 0.174232 0.678595 -1.41592 1.58839 -0.151033 0.719798 1.51424 -1.34941 -1.60376 1.93069 -1.98751 
0.49846 0.183556 0.680329 -1.41422 1.58814 -0.142543 0.719124 1.53032 -1.36937 -1.60499 1.93106 -1.98897 
0.499435 0.192939 0.681995 -1.41258 1.5878 -0.134064 0.718462 1.5464 -1.38932 -1.60625 1.93128 -1.99043 
0.500468 0.202378 0.683585 -1.41101 1.58736 -0.125596 0.717818 1.56248 -1.40927 -1.60754 1.93135 -1.99191 
0.501566 0.211871 0.685105 -1.4095 1.58682 -0.117138 0.717186 1.57854 -1.4292 -1.60884 1.93126 -1.9934 
0.502731 0.221415 0.686551 -1.40807 1.58619 -0.108692 0.716567 1.5946 -1.44911 -1.61017 1.93102 -1.9949 
0.50396 0.231008 0.687923 -1.4067 1.58548 -0.100257 0.715961 1.61065 -1.46902 -1.61151 1.93063 -1.99641 
0.505254 0.240648 0.68922 -1.40541 1.58468 -0.0918332 0.715368 1.6267 -1.4889 -1.61288 1.93009 -1.99793 
0.506613 0.250331 0.690439 -1.40419 1.58379 -0.0834216 0.714788 1.64274 -1.50877 -1.61426 1.9294 -1.99946 
0.508035 0.260057 0.69158 -1.40304 1.58282 -0.0750222 0.71422 1.65878 -1.52862 -1.61565 1.92855 -2.00101 
0.509521 0.269822 0.692642 -1.40197 1.58178 -0.0666351 0.713664 1.67482 -1.54844 -1.61706 1.92755 -2.00257 
0.511068 0.279625 0.693623 -1.40098 1.58065 -0.0582609 0.71312 1.69086 -1.56824 -1.61848 1.92641 -2.00414 
0.512677 0.289463 0.694523 -1.40006 1.57945 -0.0498995 0.712588 1.7069 -1.58802 -1.61991 1.92512 -2.00572 
0.514347 0.299333 0.695339 -1.39923 1.57818 -0.041551 0.712066 1.72294 -1.60777 -1.62135 1.92367 -2.00732 
0.516078 0.309234 0.696072 -1.39847 1.57683 -0.0332157 0.711556 1.73898 -1.6275 -1.62279 1.92209 -2.00893 
0.517869 0.319162 0.696719 -1.3978 1.57542 -0.0248935 0.711056 1.75503 -1.64719 -1.62424 1.92035 -2.01056 
0.519718 0.329116 0.697281 -1.39721 1.57394 -0.0165847 0.710565 1.77108 -1.66686 -1.6257 1.91847 -2.01219 
0.521625 0.339092 0.697757 -1.39671 1.5724 -0.00828919 0.710084 1.78713 -1.6865 -1.62716 1.91645 -2.01384 
0.5236 0.34907 0.69813 -1.3963 1.5708 0 0.7096 1.8032 -1.7061 -1.6286 1.9143 -2.0155 

