333
1.6581 0.17453 0.17453 0.17453 -0.034907 -0.17453 -0.17453 -0.5236 -0.69813 -0.5236 -0.87266 -0.17453 0.087266 0.34907 0.17453 0.17453 0.17453 0.18147 -0.80904 2.4791 
1.64503 0.188978 0.176917 0.171096 -0.0204845 -0.181935 -0.179166 -0.535686 -0.698646 -0.509955 -0.877084 -0.179763 0.0935883 0.355729 0.16663 0.185272 0.169083 0.181035 -0.813374 2.47886 
1.63197 0.203428 0.179305 0.167671 -0.0060534 -0.189338 -0.183782 -0.547754 -0.699154 -0.4963 -0.881504 -0.184999 0.0999155 0.36239 0.158726 0.196002 0.163638 0.180594 -0.817721 2.47864 
1.6189 0.21788 0.1817 0.164249 0.0083882 -0.196733 -0.188393 -0.559814 -0.699653 -0.482633 -0.885911 -0.190231 0.10624 0.369051 0.150822 0.206733 0.158174 0.180135 -0.822083 2.47842 
1.60583 0.232323 0.184087 0.160839 0.0228276 -0.204114 -0.192992 -0.571857 -0.700138 -0.468963 -0.890311 -0.195458 0.112572 0.375704 0.142908 0.217453 0.152708 0.179671 -0.826458 2.47823 
1.59276 0.246762 0.186481 0.15742 0.0372781 -0.211484 -0.197585 -0.583896 -0.700616 -0.455276 -0.894704 -0.200672 0.118899 0.382361 0.134992 0.228174 0.147226 0.179187 -0.830851 2.47806 
1.57969 0.261205 0.188871 0.154006 0.0517309 -0.218855 -0.20217 -0.595914 -0.701074 -0.44158 -0.899095 -0.205889 0.125236 0.389012 0.127078 0.238884 0.14173 0.178696 -0.835259 2.4779 
1.56661 0.27564 0.191259 0.150598 0.0661865 -0.226215 -0.206736 -0.607927 -0.701527 -0.427876 -0.903475 -0.211103 0.131578 0.395669 0.119161 0.249582 0.136234 0.178195 -0.839683 2.47777 
1.55353 0.290083 0.193647 0.147191 0.0806445 -0.233575 -0.211299 -0.61993 -0.701959 -0.414157 -0.907845 -0.216303 0.137914 0.402321 0.111235 0.260277 0.130721 0.177675 -0.844119 2.47765 
1.54223 0.303897 0.185745 0.150073 0.0901515 -0.23989 -0.213652 -0.613464 -0.702115 -0.416516 -0.912066 -0.223604 0.146897 0.411109 0.0997898 0.267991 0.128061 0.163751 -0.833079 2.47691 
1.53091 0.317705 0.177838 0.152942 0.0996553 -0.246211 -0.215997 -0.606984 -0.70226 -0.418873 -0.916272 -0.230907 0.15589 0.419906 0.0883403 0.275704 0.125406 0.149817 -0.822043 2.47617 
1.51959 0.331504 0.169922 0.155811 0.109159 -0.252532 -0.218343 -0.600505 -0.702396 -0.421216 -0.920465 -0.238194 0.164888 0.428699 0.0768901 0.283411 0.122742 0.135883 -0.811007 2.47544 
1.50824 0.345287 0.162002 0.158678 0.118656 -0.258855 -0.220679 -0.594014 -0.702525 -0.423544 -0.924652 -0.245481 0.173882 0.437494 0.0654489 0.291122 0.120079 0.121953 -0.799986 2.47471 
1.49689 0.359056 0.154074 0.161532 0.128151 -0.26517 -0.223012 -0.587514 -0.702645 -0.425866 -0.928836 -0.252755 0.182887 0.446298 0.0539992 0.29883 0.11741 0.10802 -0.78896 2.47399 
1.48552 0.372821 0.146135 0.164389 0.137653 -0.271493 -0.225348 -0.581015 -0.70275 -0.428171 -0.933 -0.260025 0.191891 0.455097 0.0425605 0.306534 0.114736 0.0940778 -0.777941 2.47327 
1.47413 0.386573 0.138192 0.167231 0.14715 -0.27781 -0.227681 -0.574502 -0.702843 -0.430474 -0.937154 -0.267283 0.200898 0.463899 0.0311094 0.31424 0.11206 0.08013 -0.76692 2.47255 
1.46274 0.400314 0.130236 0.170079 0.156639 -0.284126 -0.230005 -0.567993 -0.702932 -0.43276 -0.941301 -0.274534 0.209917 0.472705 0.0196625 0.321942 0.10939 0.0661775 -0.755904 2.47184 
1.45913 0.394723 0.134348 0.167643 0.166159 -0.288364 -0.224898 -0.580093 -0.695889 -0.442134 -0.948096 -0.272253 0.219421 0.478155 0.0150553 0.340886 0.100384 0.0772223 -0.76365 2.47935 
1.45547 0.389084 0.138423 0.165173 0.175666 -0.292617 -0.219795 -0.592187 -0.688822 -0.45148 -0.954858 -0.269944 0.228946 0.483611 0.0104551 0.359839 0.0913843 0.0882772 -0.771382 2.48684 
1.45175 0.383403 0.142467 0.162672 0.185157 -0.296886 -0.214701 -0.604267 -0.681733 -0.460797 -0.961588 -0.267604 0.238491 0.489075 0.00585696 0.378799 0.082388 0.0993368 -0.779095 2.49432 
1.44796 0.377675 0.146469 0.160151 0.194624 -0.301158 -0.209602 -0.616339 -0.674628 -0.470088 -0.968289 -0.265239 0.248049 0.494551 0.00126761 0.397764 0.073402 0.110413 -0.786797 2.50179 
1.44413 0.371893 0.150437 0.157602 0.204078 -0.305446 -0.2045 -0.628406 -0.667502 -0.479346 -0.974948 -0.262854 0.257621 0.500035 -0.00331322 0.416728 0.064417 0.121495 -0.794477 2.50924 
1.44023 0.366072 0.154371 0.155031 0.213514 -0.309749 -0.199407 -0.640469 -0.660353 -0.48858 -0.981577 -0.260431 0.267219 0.505524 -0.00789139 0.435703 0.0554473 0.13259 -0.80215 2.51669 
1.43627 0.360204 0.158268 0.152433 0.222929 -0.314064 -0.194319 -0.652514 -0.653191 -0.497776 -0.988168 -0.257994 0.276831 0.511025 -0.0124545 0.454676 0.0464841 0.143692 -0.809802 2.52413 
1.43225 0.354293 0.162127 0.149807 0.232328 -0.318383 -0.189226 -0.664557 -0.645998 -0.506948 -0.994733 -0.25552 0.286453 0.516528 -0.0170178 0.473649 0.0375238 0.154815 -0.817438 2.53155 
1.41598 0.359477 0.173154 0.151482 0.22997 -0.309263 -0.192995 -0.667007 -0.638009 -0.513979 -1.00212 -0.259385 0.298117 0.511999 -0.0232487 0.478983 0.0452543 0.141975 -0.803714 2.53827 
1.3997 0.364655 0.184169 0.153162 0.227615 -0.300142 -0.196759 -0.669446 -0.629999 -0.520997 -1.00948 -0.263245 0.309781 0.507468 -0.0294749 0.484302 0.0529767 0.129121 -0.790005 2.545 
1.38341 0.369824 0.195182 0.15484 0.225258 -0.291014 -0.200516 -0.671867 -0.621978 -0.528008 -1.01684 -0.267094 0.321458 0.50294 -0.0357083 0.489614 0.0606952 0.116257 -0.776312 2.55174 
1.3671 0.374983 0.206186 0.156516 0.222906 -0.281885 -0.204256 -0.674274 -0.613949 -0.534995 -1.02419 -0.270935 0.333134 0.498415 -0.0419373 0.494921 0.0684006 0.103388 -0.762627 2.55851 
1.35079 0.380135 0.217183 0.158191 0.220559 -0.272743 -0.207986 -0.676678 -0.605899 -0.541969 -1.03152 -0.274775 0.344817 0.493889 -0.0481791 0.500223 0.0760941 0.0905052 -0.748954 2.56528 
1.33445 0.385279 0.228182 0.159864 0.218207 -0.263601 -0.211709 -0.679057 -0.597841 -0.54893 -1.03884 -0.278598 0.3565 0.489358 -0.0544155 0.505522 0.0837863 0.0776103 -0.735296 2.57208 
1.31812 0.390414 0.239173 0.161531 0.215859 -0.254453 -0.215424 -0.681426 -0.589757 -0.555877 -1.04615 -0.282414 0.368188 0.48483 -0.0606588 0.510813 0.0914641 0.0647051 -0.721644 2.57889 
1.30176 0.395533 0.25016 0.163198 0.213516 -0.245298 -0.21913 -0.68378 -0.581663 -0.562811 -1.05344 -0.286227 0.379878 0.480308 -0.0668977 0.516093 0.0991411 0.0517886 -0.708014 2.58572 
1.30412 0.394578 0.257911 0.158114 0.213748 -0.251077 -0.225074 -0.691141 -0.577508 -0.568853 -1.04781 -0.283357 0.39239 0.484106 -0.0803615 0.516652 0.116491 0.0578898 -0.711672 2.60074 
1.30639 0.393566 0.265625 0.152997 0.21397 -0.256862 -0.231009 -0.698479 -0.573308 -0.574846 -1.04215 -0.280461 0.404929 0.487913 -0.0938247 0.51721 0.133839 0.0639834 -0.715324 2.61576 
1.30859 0.392499 0.273291 0.147854 0.214178 -0.262647 -0.236934 -0.705791 -0.569078 -0.580793 -1.03642 -0.277527 0.417481 0.491727 -0.107291 0.517763 0.151182 0.070081 -0.718971 2.63079 
1.31072 0.391372 0.280912 0.142674 0.214365 -0.268445 -0.242857 -0.713073 -0.564805 -0.58669 -1.03065 -0.274551 0.430056 0.495556 -0.120748 0.518303 0.168528 0.0761706 -0.722616 2.64582 
1.31277 0.390181 0.288493 0.137475 0.214538 -0.274238 -0.248766 -0.720334 -0.560492 -0.592536 -1.02484 -0.271538 0.44265 0.499387 -0.13421 0.518844 0.185865 0.0822631 -0.726259 2.66086 
1.31475 0.388933 0.296019 0.132239 0.214701 -0.280043 -0.254662 -0.727565 -0.556137 -0.598335 -1.01896 -0.268495 0.455268 0.503224 -0.147664 0.519382 0.203191 0.0883534 -0.729897 2.67589 
1.31664 0.387622 0.303513 0.126976 0.214849 -0.285847 -0.260555 -0.734773 -0.551741 -0.604086 -1.01304 -0.265408 0.4679 0.507067 -0.16112 0.519914 0.220513 0.0944413 -0.733532 2.69094 
1.31846 0.386245 0.310953 0.12169 0.214974 -0.291665 -0.266428 -0.741954 -0.547296 -0.609779 -1.00706 -0.262292 0.480561 0.510925 -0.174571 0.520437 0.237831 0.100531 -0.73717 2.70599 
1.31777 0.378019 0.318097 0.119015 0.201624 -0.273577 -0.266988 -0.74767 -0.543933 -0.621325 -1.00915 -0.262565 0.492707 0.519878 -0.183412 0.525428 0.242527 0.0961347 -0.729247 2.71494 
1.31707 0.369773 0.325225 0.11633 0.188265 -0.255498 -0.267543 -0.75339 -0.540569 -0.632857 -1.01121 -0.262835 0.504852 0.528836 -0.192245 0.530415 0.247221 0.0917444 -0.721312 2.72387 
1.31634 0.361518 0.332336 0.113634 0.174903 -0.237428 -0.2681 -0.759112 -0.537195 -0.644377 -1.01328 -0.263096 0.517006 0.537797 -0.201073 0.535407 0.251926 0.0873647 -0.713367 2.73281 
1.3156 0.353241 0.33944 0.110928 0.161529 -0.219364 -0.268664 -0.764832 -0.53382 -0.655891 -1.01532 -0.26334 0.52916 0.546754 -0.209901 0.540402 0.256635 0.0829898 -0.705417 2.74172 
1.31483 0.344948 0.346526 0.108214 0.148153 -0.201308 -0.269229 -0.770551 -0.530443 -0.667395 -1.01736 -0.263584 0.541318 0.555709 -0.218722 0.545398 0.261347 0.0786257 -0.697456 2.75063 
1.31404 0.336642 0.353604 0.105488 0.134763 -0.18325 -0.269805 -0.776273 -0.527052 -0.67889 -1.01938 -0.263817 0.553481 0.564675 -0.227546 0.550394 0.26606 0.0742639 -0.689473 2.75952 
1.31323 0.328318 0.360666 0.102755 0.121373 -0.165208 -0.270379 -0.781991 -0.523663 -0.690375 -1.0214 -0.264044 0.565648 0.573639 -0.236371 0.555399 0.270778 0.0699069 -0.681485 2.7684 
1.3124 0.319971 0.367723 0.100007 0.107973 -0.147163 -0.27096 -0.787709 -0.520261 -0.701854 -1.02341 -0.264263 0.577813 0.582609 -0.245184 0.560407 0.275508 0.0655625 -0.673492 2.77728 
1.30199 0.323026 0.365419 0.105183 0.103318 -0.137827 -0.269383 -0.791229 -0.529166 -0.714711 -1.0126 -0.263994 0.582993 0.591258 -0.251641 0.575862 0.278431 0.0607776 -0.676826 2.78248 
1.29152 0.326031 0.363084 0.110341 0.0986495 -0.1285 -0.267792 -0.794727 -0.538044 -0.727521 -1.00176 -0.263704 0.588183 0.599903 -0.258093 0.591308 0.281353 0.0559903 -0.680144 2.78768 
1.28098 0.328985 0.360708 0.115472 0.0939665 -0.119179 -0.266194 -0.798211 -0.546888 -0.740302 -0.990871 -0.263385 0.593392 0.608557 -0.264541 0.606751 0.28427 0.0512069 -0.683457 2.79287 
1.27038 0.331883 0.358304 0.120579 0.0892632 -0.109866 -0.264594 -0.801667 -0.5557 -0.753035 -0.97995 -0.26304 0.59861 0.617219 -0.270994 0.622193 0.287182 0.0464307 -0.686755 2.79805 
1.25972 0.334736 0.355859 0.125653 0.0845478 -0.100557 -0.262982 -0.805109 -0.564475 -0.765729 -0.968988 -0.262672 0.603845 0.625879 -0.27744 0.637623 0.290091 0.0416579 -0.690046 2.80321 
1.24899 0.33754 0.353372 0.130708 0.0798265 -0.0912439 -0.261366 -0.808532 -0.573228 -0.778383 -0.957988 -0.262273 0.609085 0.634545 -0.28389 0.653052 0.293006 0.0368822 -0.693322 2.80838 
1.23819 0.340294 0.350857 0.135741 0.0750856 -0.0819396 -0.259745 -0.811941 -0.581938 -0.790992 -0.94695 -0.261854 0.614343 0.643208 -0.290341 0.668472 0.295911 0.0321176 -0.696586 2.81353 
1.22733 0.342992 0.348306 0.140748 0.0703279 -0.0726372 -0.258116 -0.815319 -0.59062 -0.803564 -0.935873 -0.261406 0.619609 0.651873 -0.296795 0.683891 0.298819 0.0273494 -0.699844 2.81867 
1.20959 0.348896 0.353764 0.145791 0.075198 -0.0693251 -0.255418 -0.816271 -0.598952 -0.80845 -0.937137 -0.259225 0.619107 0.653021 -0.291427 0.684767 0.298349 0.0207499 -0.682909 2.83172 
1.19183 0.354795 0.359218 0.150839 0.0800791 -0.0660111 -0.252701 -0.81721 -0.607261 -0.813325 -0.938395 -0.257026 0.61862 0.65416 -0.286059 0.685632 0.29787 0.0141255 -0.665999 2.84478 
1.17406 0.360686 0.364674 0.155881 0.0849679 -0.0626851 -0.249968 -0.818121 -0.615552 -0.818181 -0.939639 -0.254826 0.618126 0.655299 -0.280698 0.686485 0.297376 0.00748735 -0.649102 2.85787 
1.15628 0.366571 0.370115 0.160929 0.0898592 -0.059342 -0.247222 -0.819017 -0.623823 -0.823022 -0.94087 -0.252616 0.617649 0.65644 -0.275348 0.687325 0.296867 0.000829347 -0.632228 2.87098 
1.1385 0.372446 0.375564 0.165971 0.0947486 -0.0559943 -0.244457 -0.81989 -0.632071 -0.82784 -0.942088 -0.250405 0.617167 0.65758 -0.269998 0.688155 0.296347 -0.00584266 -0.615372 2.88412 
1.1207 0.378317 0.381 0.171021 0.0996504 -0.0526302 -0.241681 -0.82075 -0.640302 -0.832647 -0.943287 -0.248178 0.616699 0.658719 -0.26466 0.688981 0.295808 -0.0125366 -0.598541 2.89728 
1.1029 0.384175 0.386433 0.17607 0.104557 -0.0492654 -0.238888 -0.821581 -0.648512 -0.837431 -0.944478 -0.245945 0.616227 0.659859 -0.259318 0.689795 0.295257 -0.019252 -0.581731 2.91047 
1.08508 0.390027 0.391861 0.181111 0.109469 -0.0458833 -0.236084 -0.822393 -0.656694 -0.842201 -0.945658 -0.243699 0.615765 0.661 -0.253987 0.690593 0.294687 -0.0259753 -0.564934 2.92369 
1.07364 0.394789 0.401812 0.192956 0.106199 -0.0564373 -0.244824 -0.831421 -0.653775 -0.842015 -0.94071 -0.233704 0.610572 0.672939 -0.252227 0.692979 0.30066 -0.03892 -0.56566 2.92846 
1.06215 0.399519 0.411745 0.204798 0.102932 -0.066984 -0.25354 -0.840417 -0.650814 -0.841775 -0.935726 -0.223679 0.605395 0.684882 -0.250482 0.69534 0.306606 -0.0518863 -0.566407 2.93325 
1.0506 0.404209 0.421653 0.216626 0.0996693 -0.0775173 -0.262234 -0.849381 -0.647805 -0.841485 -0.9307 -0.213634 0.600233 0.696819 -0.248737 0.697689 0.31253 -0.0648805 -0.567181 2.93808 
1.03902 0.408858 0.431529 0.228438 0.0964003 -0.0880351 -0.270903 -0.858293 -0.644751 -0.841152 -0.925641 -0.203552 0.59508 0.708758 -0.247005 0.700011 0.318433 -0.0778902 -0.567975 2.94293 
1.02738 0.41347 0.441373 0.240236 0.0931289 -0.0985381 -0.279545 -0.867173 -0.641647 -0.840767 -0.920541 -0.193454 0.589943 0.7207 -0.245276 0.70232 0.324311 -0.0909195 -0.56879 2.94782 
1.0157 0.418042 0.451196 0.252017 0.0898594 -0.109028 -0.288156 -0.876015 -0.638492 -0.840331 -0.9154 -0.183332 0.584815 0.732633 -0.24356 0.704602 0.330167 -0.103977 -0.569619 2.95272 
1.00397 0.422571 0.460994 0.263787 0.0865905 -0.119506 -0.296743 -0.88481 -0.635284 -0.839844 -0.910219 -0.173182 0.579694 0.744561 -0.241855 0.70686 0.336001 -0.117051 -0.570472 2.95766 
0.992175 0.427053 0.470757 0.275548 0.0833234 -0.12997 -0.305302 -0.893557 -0.63203 -0.839311 -0.905005 -0.163009 0.574593 0.756496 -0.240165 0.709101 0.341808 -0.130144 -0.571341 2.96262 
0.974548 0.432507 0.475595 0.279831 0.0883472 -0.126067 -0.30215 -0.894094 -0.640625 -0.844073 -0.90621 -0.161067 0.574846 0.75737 -0.234477 0.710117 0.340989 -0.136281 -0.5547 2.97601 
0.956909 0.437946 0.480417 0.284105 0.0933817 -0.122141 -0.298984 -0.894606 -0.6492 -0.848815 -0.907402 -0.159111 0.575098 0.758251 -0.228798 0.711114 0.340151 -0.142427 -0.538074 2.98941 
0.939251 0.443369 0.485236 0.288373 0.0984191 -0.118214 -0.295798 -0.895092 -0.657754 -0.853533 -0.90858 -0.157146 0.575357 0.759131 -0.223117 0.712106 0.339297 -0.148603 -0.521463 3.00284 
0.921576 0.448781 0.490045 0.292645 0.103452 -0.114272 -0.292595 -0.895555 -0.666272 -0.858233 -0.909743 -0.155178 0.575623 0.760006 -0.217451 0.713088 0.338431 -0.154784 -0.50487 3.01629 
0.903887 0.454176 0.494845 0.296912 0.108489 -0.110324 -0.289377 -0.895999 -0.67477 -0.862908 -0.910886 -0.153193 0.575899 0.760881 -0.211786 0.714057 0.337548 -0.160981 -0.4883 3.02977 
0.886183 0.459559 0.49963 0.301177 0.113533 -0.106361 -0.286136 -0.896419 -0.683244 -0.867559 -0.912015 -0.151193 0.576167 0.761751 -0.206127 0.715006 0.336652 -0.167197 -0.471743 3.04326 
0.868468 0.464927 0.504405 0.305432 0.118579 -0.102394 -0.282887 -0.89681 -0.691682 -0.872191 -0.913128 -0.149185 0.576447 0.76263 -0.200477 0.715946 0.335737 -0.173433 -0.455202 3.05678 
0.850731 0.470277 0.509173 0.30969 0.123627 -0.098418 -0.279615 -0.897177 -0.700104 -0.876795 -0.91422 -0.147172 0.576739 0.763502 -0.194836 0.716872 0.334809 -0.179677 -0.438681 3.07033 
0.832972 0.4755 0.513967 0.313994 0.12869 -0.0944245 -0.276338 -0.897512 -0.708474 -0.881393 -0.9153 -0.145186 0.577017 0.764391 -0.189196 0.717857 0.333909 -0.185852 -0.422411 3.08381 
0.815193 0.480711 0.518752 0.318298 0.133754 -0.090431 -0.273036 -0.89783 -0.716815 -0.88597 -0.916356 -0.143194 0.577307 0.765282 -0.183566 0.718827 0.332993 -0.192046 -0.406162 3.09731 
0.797401 0.48591 0.523527 0.322593 0.13882 -0.0864239 -0.269728 -0.898121 -0.725123 -0.890522 -0.917389 -0.141186 0.577597 0.766171 -0.177936 0.719777 0.332058 -0.198252 -0.389932 3.11084 
0.779591 0.491091 0.528284 0.326888 0.143887 -0.0824042 -0.266395 -0.898384 -0.733408 -0.895048 -0.918411 -0.139169 0.577897 0.767067 -0.172323 0.720721 0.331105 -0.204482 -0.373716 3.12439 
0.76176 0.496259 0.533036 0.331173 0.148958 -0.0783758 -0.26305 -0.898624 -0.741666 -0.899545 -0.919411 -0.137137 0.578206 0.76795 -0.166707 0.721647 0.330138 -0.210722 -0.357521 3.13797 
0.743913 0.501402 0.537773 0.335459 0.154034 -0.0743411 -0.259676 -0.898831 -0.749897 -0.904021 -0.920397 -0.135095 0.578517 0.768842 -0.161106 0.722568 0.329154 -0.216985 -0.341351 3.15156 
0.726046 0.506536 0.542494 0.339741 0.159118 -0.070295 -0.256298 -0.899021 -0.758092 -0.908471 -0.921358 -0.133035 0.578837 0.76973 -0.155508 0.723465 0.328157 -0.223263 -0.325192 3.16519 
0.70816 0.511648 0.547207 0.344017 0.164199 -0.0662294 -0.252895 -0.899182 -0.766262 -0.912889 -0.922304 -0.130971 0.579161 0.770613 -0.149916 0.724351 0.327138 -0.229557 -0.309056 3.17884 
0.702887 0.505487 0.553325 0.347312 0.158869 -0.0558547 -0.242998 -0.896801 -0.781093 -0.907392 -0.924838 -0.132416 0.579117 0.75897 -0.149667 0.727076 0.337558 -0.230432 -0.299091 3.19162 
0.697593 0.499311 0.559433 0.35061 0.153535 -0.0454686 -0.233093 -0.894397 -0.795894 -0.90188 -0.927347 -0.133845 0.579087 0.747321 -0.149418 0.729784 0.347959 -0.231321 -0.289148 3.20442 
0.692287 0.493117 0.565525 0.353902 0.148198 -0.0350757 -0.223169 -0.891973 -0.810665 -0.896333 -0.92985 -0.135257 0.579066 0.73567 -0.149177 0.732476 0.358348 -0.232222 -0.27922 3.21725 
0.686958 0.486904 0.571613 0.357181 0.142874 -0.024663 -0.21323 -0.889527 -0.825415 -0.890767 -0.932324 -0.136665 0.579048 0.724025 -0.148948 0.735164 0.368715 -0.233144 -0.26931 3.23009 
0.681616 0.480677 0.577685 0.360462 0.137548 -0.0142462 -0.20327 -0.887064 -0.840136 -0.885174 -0.93478 -0.138057 0.579036 0.71238 -0.148727 0.737837 0.379069 -0.23408 -0.259419 3.24296 
0.676252 0.474441 0.583744 0.363731 0.132227 -0.00382674 -0.193291 -0.884565 -0.854832 -0.879557 -0.937224 -0.139443 0.579028 0.700732 -0.148506 0.740497 0.389412 -0.235028 -0.249544 3.25585 
0.670877 0.468187 0.589796 0.367003 0.126909 0.00660584 -0.183298 -0.882051 -0.869502 -0.873911 -0.939648 -0.140815 0.579027 0.689081 -0.148296 0.743137 0.399739 -0.236001 -0.23968 3.26876 
0.665491 0.461918 0.595832 0.370263 0.121584 0.017049 -0.173296 -0.879506 -0.884141 -0.868252 -0.942053 -0.142168 0.579033 0.677428 -0.148084 0.745772 0.410049 -0.236984 -0.229841 3.28169 
0.662249 0.45534 0.60714 0.37295 0.106799 0.0185182 -0.167833 -0.868663 -0.894393 -0.863552 -0.949671 -0.145331 0.590679 0.66427 -0.139299 0.742652 0.415013 -0.230666 -0.232826 3.28497 
0.659002 0.448763 0.618443 0.375631 0.0920076 0.0199844 -0.162369 -0.857812 -0.904632 -0.85884 -0.957297 -0.148485 0.602327 0.65112 -0.130507 0.739527 0.419979 -0.22435 -0.235818 3.28827 
0.655754 0.442184 0.629743 0.378312 0.0772208 0.0214498 -0.156901 -0.846952 -0.914863 -0.854123 -0.964912 -0.151641 0.61398 0.637971 -0.121719 0.736402 0.424932 -0.218038 -0.238819 3.29158 
0.652503 0.435596 0.641042 0.380998 0.0624318 0.022925 -0.151422 -0.836088 -0.925094 -0.849405 -0.972518 -0.154786 0.625634 0.62482 -0.112933 0.733264 0.429884 -0.211732 -0.241825 3.29489 
0.649251 0.429011 0.652331 0.38368 0.0476495 0.0243985 -0.145942 -0.825213 -0.935314 -0.844673 -0.980122 -0.157931 0.637289 0.61166 -0.104149 0.730132 0.434832 -0.205437 -0.244837 3.29822 
0.645994 0.422415 0.663625 0.386362 0.0328676 0.0258836 -0.14045 -0.814334 -0.945526 -0.839943 -0.987729 -0.161066 0.648946 0.59851 -0.0953661 0.726988 0.439771 -0.199148 -0.247856 3.30154 
0.642734 0.415824 0.674913 0.389042 0.0180808 0.0273694 -0.134962 -0.803443 -0.955734 -0.835204 -0.995322 -0.164201 0.66061 0.585361 -0.0865878 0.723843 0.444704 -0.192856 -0.250886 3.30489 
0.639473 0.409231 0.686198 0.391726 0.00329891 0.0288518 -0.129463 -0.792547 -0.965927 -0.830454 -1.00291 -0.167343 0.672274 0.572207 -0.0778074 0.720693 0.449631 -0.186579 -0.253922 3.30823 
0.621289 0.415019 0.689917 0.395924 0.0102095 0.0324455 -0.126759 -0.793253 -0.972345 -0.835603 -1.00317 -0.165026 0.671596 0.57464 -0.0727758 0.721698 0.44767 -0.1933 -0.238259 3.32152 
0.603094 0.420785 0.693618 0.400113 0.0171256 0.0360383 -0.124029 -0.793926 -0.978736 -0.84072 -1.00341 -0.16269 0.670932 0.577079 -0.0677548 0.722691 0.445679 -0.20004 -0.222617 3.33483 
0.584882 0.426532 0.69731 0.404296 0.0240412 0.0396467 -0.121288 -0.794572 -0.985095 -0.845804 -1.00364 -0.160336 0.670277 0.579522 -0.0627445 0.723659 0.443681 -0.206799 -0.206999 3.34817 
0.566651 0.432265 0.700989 0.408467 0.030957 0.0432666 -0.118524 -0.795194 -0.991416 -0.850862 -1.00384 -0.157969 0.66962 0.58196 -0.0577364 0.724619 0.441659 -0.213581 -0.191406 3.36153 
0.5484 0.43798 0.704658 0.412634 0.0378694 0.0468947 -0.11574 -0.795785 -0.997708 -0.855886 -1.00401 -0.155588 0.668975 0.5844 -0.0527357 0.725559 0.43961 -0.22038 -0.175829 3.37492 
0.530138 0.443669 0.708302 0.416796 0.0447871 0.0505385 -0.11294 -0.796349 -1.00396 -0.860885 -1.00417 -0.153192 0.668341 0.58684 -0.0477438 0.726483 0.43755 -0.2272 -0.160277 3.38833 
0.511852 0.449342 0.71193 0.420956 0.0517107 0.0541858 -0.110119 -0.796884 -1.01018 -0.865846 -1.0043 -0.150787 0.667716 0.589281 -0.0427646 0.72739 0.435471 -0.234039 -0.144748 3.40177 
0.49355 0.455 0.715544 0.425099 0.0586329 0.0578457 -0.107271 -0.797388 -1.01637 -0.870783 -1.0044 -0.148358 0.667098 0.591718 -0.0377936 0.728278 0.433361 -0.240902 -0.129234 3.41522 
0.490613 0.455651 0.718558 0.430935 0.0512226 0.0579701 -0.105792 -0.785525 -1.01686 -0.873629 -1.01336 -0.135105 0.655339 0.583931 -0.0387775 0.733484 0.426433 -0.232059 -0.124001 3.42063 
0.487654 0.456287 0.721557 0.436767 0.0438077 0.0580992 -0.104309 -0.773648 -1.01734 -0.876454 -1.0223 -0.121848 0.643583 0.576143 -0.0397735 0.738681 0.419497 -0.22321 -0.118756 3.42604 
0.484673 0.456901 0.724538 0.442595 0.0363828 0.0582304 -0.102822 -0.761764 -1.0178 -0.879269 -1.03123 -0.108575 0.631829 0.568361 -0.0407677 0.743874 0.412552 -0.21436 -0.113511 3.43144 
0.481672 0.457498 0.727509 0.448406 0.0289608 0.0583565 -0.101326 -0.749871 -1.01825 -0.882064 -1.04014 -0.0953017 0.620083 0.560569 -0.0417646 0.749064 0.40561 -0.205509 -0.108271 3.43684 
0.478649 0.458078 0.730466 0.454213 0.0215309 0.0584786 -0.0998237 -0.737966 -1.01868 -0.884839 -1.04904 -0.0820152 0.608337 0.55278 -0.0427687 0.754243 0.398663 -0.196659 -0.10302 3.44223 
0.475603 0.458637 0.733407 0.460007 0.0141082 0.0586098 -0.0983181 -0.726057 -1.0191 -0.887603 -1.05792 -0.0687179 0.596593 0.544982 -0.0437741 0.75942 0.391717 -0.187811 -0.0977664 3.44762 
0.472532 0.45918 0.736338 0.465795 0.00667307 0.0587412 -0.0968105 -0.714132 -1.01951 -0.890347 -1.06679 -0.0554138 0.584849 0.537191 -0.0447783 0.764592 0.384761 -0.178961 -0.0925131 3.453 
0.469447 0.459697 0.739252 0.471581 -0.000763402 0.0588716 -0.0953011 -0.702203 -1.01989 -0.893071 -1.07564 -0.0421047 0.573116 0.529395 -0.0457945 0.769765 0.377806 -0.170116 -0.0872578 3.45838 
0.472268 0.455047 0.747065 0.463442 0.00522099 0.0560095 -0.0982919 -0.694483 -1.02585 -0.901097 -1.06539 -0.0317644 0.561348 0.526829 -0.04113 0.777871 0.3646 -0.175782 -0.0738036 3.46371 
0.475075 0.450389 0.754861 0.455303 0.0111967 0.0531407 -0.101285 -0.686751 -1.03179 -0.909106 -1.05511 -0.0214245 0.549574 0.524261 -0.036467 0.785966 0.351401 -0.181435 -0.0603506 3.46905 
0.477865 0.445714 0.762653 0.447151 0.0171702 0.0502691 -0.104272 -0.679013 -1.03772 -0.917106 -1.04484 -0.0110736 0.537808 0.521689 -0.0318102 0.79406 0.3382 -0.187091 -0.0468821 3.47437 
0.48064 0.441026 0.770435 0.438993 0.0231399 0.0474074 -0.107264 -0.671278 -1.04365 -0.925093 -1.03454 -0.000720339 0.526053 0.519117 -0.0271542 0.802146 0.324989 -0.192737 -0.0334174 3.47969 
0.483399 0.436318 0.778206 0.430834 0.0291028 0.0445416 -0.11025 -0.663531 -1.04956 -0.933074 -1.02424 0.00963817 0.51429 0.516541 -0.0224982 0.810232 0.311781 -0.19839 -0.0199418 3.48499 
0.486134 0.431598 0.78597 0.422663 0.0350672 0.0416719 -0.113233 -0.655779 -1.05548 -0.941043 -1.01393 0.0200078 0.502536 0.513972 -0.0178462 0.818316 0.298572 -0.204035 -0.0064697 3.49029 
0.488859 0.426867 0.793715 0.414493 0.0410316 0.0388003 -0.116221 -0.648022 -1.06137 -0.948996 -1.00361 0.0303764 0.490779 0.5114 -0.0131996 0.826391 0.285359 -0.209682 0.00701614 3.49559 
0.49156 0.422121 0.801456 0.406309 0.0469857 0.0359346 -0.119203 -0.640267 -1.06727 -0.956938 -0.993271 0.0407612 0.479019 0.508829 -0.00854894 0.834472 0.272153 -0.215333 0.0205039 3.50087 
0.48758 0.433341 0.804112 0.392791 0.0536886 0.0492667 -0.111205 -0.641657 -1.07833 -0.961747 -0.983394 0.0469667 0.472708 0.50467 -0.020328 0.831354 0.262946 -0.213123 0.0312986 3.50254 
0.483594 0.444557 0.806755 0.379277 0.0603981 0.0625987 -0.103191 -0.64303 -1.08937 -0.966543 -0.973504 0.0531834 0.466391 0.50051 -0.0321207 0.828229 0.253723 -0.210925 0.0420796 3.50422 
0.479599 0.455758 0.809397 0.365754 0.0671114 0.0759385 -0.0951743 -0.644387 -1.10039 -0.97132 -0.963597 0.0594055 0.460078 0.496351 -0.0439066 0.825096 0.244496 -0.208744 0.0528464 3.50591 
0.475595 0.466952 0.812032 0.352231 0.0738159 0.0892911 -0.0871437 -0.645739 -1.1114 -0.976078 -0.953685 0.0656439 0.453774 0.492199 -0.0557093 0.821953 0.235256 -0.206569 0.0636031 3.50763 
0.471585 0.478135 0.814654 0.338702 0.0805294 0.102647 -0.0791057 -0.647078 -1.12238 -0.98082 -0.943758 0.0718846 0.447477 0.488039 -0.0675083 0.818804 0.226005 -0.204405 0.074346 3.50935 
0.46756 0.489311 0.817268 0.325169 0.0872407 0.116002 -0.0710565 -0.648395 -1.13335 -0.985552 -0.933824 0.0781438 0.441182 0.483891 -0.0793121 0.815646 0.216748 -0.202252 0.0850707 3.51109 
0.463535 0.500475 0.819874 0.311632 0.0939498 0.129368 -0.0630047 -0.649697 -1.14431 -0.990259 -0.923877 0.0844051 0.434897 0.47973 -0.0911287 0.812473 0.207484 -0.200106 0.0957941 3.51284 
0.459492 0.51163 0.822477 0.298092 0.100659 0.142735 -0.0549343 -0.650993 -1.15525 -0.994953 -0.913913 0.0906665 0.428608 0.475573 -0.102938 0.8093 0.198204 -0.197976 0.106507 3.51459 
0.440643 0.516963 0.825471 0.303936 0.107701 0.146037 -0.052068 -0.652383 -1.16004 -0.999017 -0.915183 0.0905616 0.430246 0.479021 -0.0974751 0.809109 0.19784 -0.20562 0.120301 3.52765 
0.421772 0.522272 0.828442 0.309773 0.114743 0.149344 -0.0491844 -0.653743 -1.16479 -1.00304 -0.916437 0.0904721 0.431901 0.482461 -0.0920145 0.808902 0.197454 -0.213277 0.134076 3.54072 
0.402873 0.527563 0.831392 0.315597 0.121782 0.152657 -0.046278 -0.655073 -1.16952 -1.00704 -0.917653 0.0904018 0.433557 0.485902 -0.0865543 0.80868 0.197051 -0.220958 0.147833 3.55382 
0.383956 0.53282 0.834322 0.321415 0.128825 0.155977 -0.0433586 -0.656385 -1.1742 -1.01099 -0.918848 0.0903578 0.435226 0.489344 -0.0811148 0.80844 0.196631 -0.228653 0.16157 3.56693 
0.365013 0.538053 0.837231 0.327216 0.135861 0.159306 -0.0404181 -0.657673 -1.17885 -1.01492 -0.920004 0.0903209 0.436906 0.49279 -0.0756762 0.808188 0.196198 -0.236372 0.175288 3.58006 
0.34604 0.543262 0.840123 0.333013 0.142892 0.162642 -0.0374668 -0.658926 -1.18346 -1.0188 -0.92114 0.0903095 0.43859 0.49623 -0.0702449 0.807912 0.195744 -0.244097 0.188986 3.59321 
0.327042 0.548442 0.84299 0.338785 0.14993 0.165995 -0.0344894 -0.660154 -1.18803 -1.02265 -0.922245 0.0903197 0.440285 0.499669 -0.064827 0.807627 0.195267 -0.251843 0.202668 3.60638 
0.308016 0.553592 0.845832 0.344557 0.156961 0.169352 -0.0315014 -0.661349 -1.19257 -1.02646 -0.923321 0.0903462 0.441989 0.503108 -0.0594127 0.807319 0.194782 -0.25961 0.216336 3.61957 
0.288946 0.558486 0.848753 0.350368 0.163952 0.172697 -0.028558 -0.662513 -1.19708 -1.03027 -0.924375 0.0904102 0.443756 0.506641 -0.0539351 0.807169 0.194329 -0.267272 0.229598 3.6327 
0.26984 0.563352 0.851652 0.35617 0.170947 0.176045 -0.0255949 -0.663656 -1.20155 -1.03404 -0.925403 0.0904991 0.445531 0.510173 -0.0484707 0.807006 0.193857 -0.274947 0.242835 3.64585 
0.250707 0.568187 0.854524 0.361958 0.177932 0.179407 -0.0226185 -0.664764 -1.20598 -1.03777 -0.926397 0.0906091 0.447315 0.513711 -0.0430154 0.806819 0.193368 -0.282644 0.256056 3.65901 
0.231545 0.572997 0.857365 0.367723 0.184918 0.182776 -0.0196188 -0.665845 -1.21037 -1.04146 -0.927357 0.0907351 0.449109 0.517241 -0.0375628 0.806616 0.192856 -0.290353 0.269266 3.67218 
0.212355 0.577766 0.860183 0.373478 0.191892 0.186156 -0.0165992 -0.666895 -1.21472 -1.04511 -0.928286 0.0908893 0.450915 0.520771 -0.0321251 0.806399 0.192329 -0.298082 0.282459 3.68537 
0.193132 0.582506 0.862966 0.379223 0.198868 0.189534 -0.0135675 -0.66792 -1.21902 -1.04872 -0.929178 0.0910659 0.45273 0.524294 -0.0266891 0.806158 0.191788 -0.305817 0.295625 3.69858 
0.173877 0.587208 0.865735 0.384949 0.205842 0.192927 -0.0105186 -0.668914 -1.22329 -1.05227 -0.930037 0.0912591 0.454555 0.527821 -0.0212751 0.805899 0.191228 -0.313574 0.308776 3.7118 
0.154587 0.591881 0.868464 0.390651 0.212809 0.196333 -0.00744531 -0.669874 -1.22751 -1.05579 -0.930864 0.0914793 0.456387 0.531342 -0.0158661 0.805627 0.190644 -0.32134 0.321917 3.72503 
0.135229 0.59624 0.871267 0.39642 0.219753 0.199736 -0.00442986 -0.670816 -1.23171 -1.05931 -0.931669 0.0917476 0.458305 0.534981 -0.0103742 0.80553 0.190109 -0.329003 0.334607 3.73821 
0.115838 0.600563 0.874032 0.402176 0.226689 0.203143 -0.00139059 -0.671724 -1.23587 -1.0628 -0.932436 0.0920409 0.460228 0.538624 -0.00488802 0.80541 0.189547 -0.33668 0.347281 3.75139 
0.0964085 0.604849 0.876777 0.40791 0.233623 0.206557 0.00167161 -0.672604 -1.23999 -1.06622 -0.933168 0.0923591 0.462166 0.542262 0.000575968 0.80527 0.188969 -0.344374 0.359936 3.76458 
0.0769494 0.609094 0.87948 0.41362 0.240556 0.209978 0.00475078 -0.673446 -1.24406 -1.06961 -0.93386 0.0927025 0.464107 0.545895 0.0060366 0.805118 0.188372 -0.352084 0.372579 3.77778 
0.0574491 0.613301 0.882147 0.41932 0.247482 0.213405 0.00784832 -0.674258 -1.24809 -1.07294 -0.934512 0.0930653 0.466063 0.54953 0.011485 0.804939 0.187758 -0.359805 0.385205 3.791 
0.0379119 0.617469 0.884789 0.424991 0.254402 0.216844 0.010969 -0.675036 -1.25207 -1.07622 -0.93513 0.0934593 0.468029 0.553156 0.0169248 0.804733 0.187118 -0.367542 0.397819 3.80422 
0.0183373 0.621599 0.887397 0.43064 0.261313 0.220296 0.0141001 -0.675786 -1.25599 -1.07945 -0.935699 0.0938778 0.470005 0.556782 0.0223463 0.804511 0.18646 -0.375293 0.410417 3.81746 
-0.0012763 0.625687 0.889964 0.436273 0.268218 0.223751 0.0172595 -0.676497 -1.25987 -1.08264 -0.936236 0.094325 0.471987 0.560404 0.0277555 0.804266 0.185791 -0.383058 0.422994 3.83069 
-0.00263893 0.637565 0.887232 0.420083 0.260214 0.220104 0.0126356 -0.670423 -1.27447 -1.07909 -0.926376 0.103694 0.469933 0.561052 0.0410289 0.803795 0.196884 -0.391479 0.421572 3.83291 
-0.00405341 0.649401 0.88446 0.403864 0.252194 0.216466 0.00804096 -0.664294 -1.28901 -1.07548 -0.916464 0.113104 0.467902 0.56169 0.0542776 0.803293 0.207949 -0.399923 0.420121 3.83514 
-0.00549957 0.661175 0.881642 0.387613 0.244174 0.212844 0.00347466 -0.658124 -1.30347 -1.07179 -0.906505 0.122544 0.465883 0.562333 0.0675102 0.802757 0.218986 -0.408396 0.418645 3.83739 
-0.00699646 0.672904 0.878783 0.371343 0.236149 0.209228 -0.00106453 -0.651907 -1.31788 -1.06803 -0.896489 0.132023 0.463871 0.562962 0.0807237 0.802196 0.229995 -0.41689 0.417147 3.83967 
-0.00853048 0.684583 0.87588 0.355052 0.228112 0.205633 -0.00556552 -0.645634 -1.33221 -1.06421 -0.886425 0.141524 0.461873 0.563592 0.093919 0.801595 0.240964 -0.425409 0.415622 3.84196 
-0.0101039 0.696222 0.872932 0.338727 0.22008 0.202042 -0.0100434 -0.639319 -1.34648 -1.06032 -0.876317 0.151067 0.459893 0.56421 0.107099 0.800964 0.251912 -0.433959 0.414066 3.84427 
-0.0117143 0.70781 0.869948 0.32238 0.212031 0.198472 -0.0144868 -0.632956 -1.36067 -1.05637 -0.866153 0.160644 0.457933 0.564822 0.120249 0.800306 0.262826 -0.442536 0.412486 3.84662 
-0.0133613 0.719352 0.866923 0.306008 0.203985 0.194912 -0.0188905 -0.626538 -1.37481 -1.05235 -0.855949 0.170244 0.455978 0.565433 0.133387 0.799613 0.273704 -0.451131 0.410873 3.84898 
-0.0183681 0.728834 0.846564 0.308223 0.21767 0.191388 -0.0117951 -0.626488 -1.37661 -1.06324 -0.852316 0.173336 0.462398 0.560481 0.124413 0.805146 0.284947 -0.452483 0.409919 3.85362 
-0.0233708 0.738318 0.8262 0.310425 0.231347 0.187878 -0.00469246 -0.626422 -1.37839 -1.0741 -0.848672 0.176433 0.46882 0.555519 0.115439 0.81067 0.296175 -0.453843 0.408953 3.85828 
-0.0283717 0.747791 0.805822 0.312631 0.245029 0.184367 0.00242484 -0.626347 -1.38015 -1.08496 -0.845014 0.179536 0.475258 0.55057 0.106452 0.816185 0.307386 -0.455213 0.407969 3.86297 
-0.0333781 0.757259 0.785449 0.314836 0.258713 0.180863 0.00955087 -0.626252 -1.38189 -1.09579 -0.841348 0.182653 0.481691 0.545611 0.0974648 0.821687 0.318589 -0.456603 0.406963 3.86767 
-0.0383821 0.76672 0.765061 0.31704 0.272398 0.177366 0.0166837 -0.626139 -1.38361 -1.10661 -0.837676 0.185775 0.488137 0.540659 0.0884715 0.827184 0.329776 -0.458014 0.405938 3.87238 
-0.0433874 0.776182 0.744674 0.319238 0.286079 0.173869 0.0238379 -0.626013 -1.38531 -1.11741 -0.833983 0.188913 0.49458 0.535701 0.079472 0.832663 0.340948 -0.459431 0.404905 3.87712 
-0.0484012 0.785641 0.724282 0.32143 0.299768 0.170385 0.0310021 -0.625871 -1.38699 -1.1282 -0.830278 0.192054 0.501026 0.530749 0.0704717 0.838125 0.352106 -0.460863 0.403849 3.88188 
-0.053404 0.79509 0.703878 0.323617 0.313451 0.166906 0.0381751 -0.625707 -1.38865 -1.13897 -0.826565 0.195198 0.507486 0.525791 0.0614599 0.843585 0.363261 -0.462317 0.40277 3.88665 
-0.0535163 0.799362 0.705651 0.328301 0.323981 0.155212 0.0367832 -0.629996 -1.38909 -1.12504 -0.833528 0.208512 0.492332 0.521221 0.0567695 0.843338 0.363797 -0.464444 0.407644 3.8889 
-0.0536445 0.803639 0.707414 0.332993 0.334504 0.143517 0.0353908 -0.634285 -1.38953 -1.1111 -0.840495 0.221826 0.477165 0.516652 0.0520762 0.8431 0.364344 -0.466561 0.412533 3.89113 
-0.0537765 0.807902 0.709181 0.337681 0.345031 0.131822 0.0339936 -0.638585 -1.38998 -1.09718 -0.847468 0.235132 0.462002 0.512081 0.0473892 0.842858 0.364896 -0.468665 0.417434 3.89335 
-0.0539248 0.812161 0.710951 0.342364 0.355556 0.120116 0.0325893 -0.642887 -1.39045 -1.08325 -0.854437 0.248439 0.446839 0.507518 0.0427077 0.842627 0.365453 -0.470767 0.422349 3.89555 
-0.0540725 0.816416 0.712714 0.347043 0.366082 0.108412 0.0311717 -0.647198 -1.39091 -1.06933 -0.861411 0.26174 0.431671 0.502951 0.0380206 0.8424 0.366018 -0.472854 0.427274 3.89774 
-0.0542303 0.820663 0.714477 0.351725 0.376595 0.0967073 0.0297603 -0.651517 -1.39138 -1.05541 -0.868388 0.275045 0.416495 0.498383 0.0333375 0.842172 0.366596 -0.47493 0.432213 3.89991 
-0.0543927 0.824905 0.716234 0.356403 0.387113 0.0849934 0.0283442 -0.655845 -1.39186 -1.0415 -0.875358 0.288342 0.401323 0.493812 0.0286607 0.841949 0.367177 -0.477004 0.437164 3.90207 
-0.0545675 0.829145 0.717987 0.361082 0.397632 0.073276 0.0269194 -0.660174 -1.39234 -1.02758 -0.882334 0.301641 0.386147 0.489237 0.0239799 0.841733 0.367761 -0.479061 0.442126 3.90421 
-0.0739197 0.830563 0.722329 0.367422 0.402813 0.0783355 0.029638 -0.661469 -1.39501 -1.03126 -0.883071 0.300027 0.389626 0.494194 0.029979 0.841674 0.365393 -0.485671 0.453968 3.91717 
-0.0933074 0.831935 0.726632 0.373743 0.407991 0.0834107 0.0323819 -0.662716 -1.39763 -1.03489 -0.88377 0.29843 0.393122 0.499152 0.0359634 0.841584 0.362999 -0.492306 0.465793 3.93012 
-0.112731 0.833272 0.730898 0.38004 0.413162 0.0884948 0.0351576 -0.663929 -1.40019 -1.03846 -0.884431 0.296857 0.396615 0.504103 0.0419278 0.841463 0.360581 -0.498953 0.477607 3.94309 
-0.132191 0.834556 0.735124 0.386321 0.418336 0.0935802 0.0379493 -0.665099 -1.40269 -1.04197 -0.885047 0.29531 0.400125 0.509042 0.0478812 0.841325 0.358132 -0.505616 0.489401 3.95607 
-0.15169 0.835804 0.73932 0.392572 0.423494 0.0986853 0.0407673 -0.66623 -1.40514 -1.04543 -0.885622 0.293787 0.403646 0.513974 0.0538098 0.841155 0.355664 -0.512301 0.501179 3.96905 
-0.171225 0.837001 0.743469 0.398807 0.428652 0.103799 0.0436081 -0.667322 -1.40754 -1.04883 -0.886147 0.292296 0.407171 0.518904 0.0597265 0.840958 0.353161 -0.518997 0.512942 3.98204 
-0.1908 0.838155 0.747581 0.405013 0.433803 0.108925 0.0464762 -0.668372 -1.40987 -1.05217 -0.886633 0.290836 0.410705 0.523824 0.0656201 0.840726 0.350644 -0.525711 0.524689 3.99504 
-0.210419 0.839261 0.751657 0.411202 0.438945 0.114052 0.0493712 -0.669385 -1.41214 -1.05545 -0.88708 0.289395 0.414254 0.528738 0.0714983 0.840465 0.348097 -0.532438 0.536417 4.00804 
-0.219547 0.832119 0.754616 0.420675 0.450013 0.111782 0.0422812 -0.675079 -1.41992 -1.05038 -0.88055 0.296161 0.420653 0.513624 0.0873822 0.846179 0.349197 -0.533639 0.524571 4.01174 
-0.228723 0.82491 0.757513 0.430109 0.461079 0.109524 0.0352212 -0.680711 -1.42763 -1.04522 -0.873969 0.302968 0.427058 0.498493 0.103234 0.85186 0.350266 -0.534854 0.512711 4.01544 
-0.237952 0.817634 0.76036 0.439509 0.472136 0.107273 0.0282019 -0.686289 -1.43525 -1.03999 -0.867321 0.309812 0.433475 0.483347 0.119065 0.857493 0.351299 -0.536089 0.50083 4.01914 
-0.247234 0.810289 0.76315 0.448879 0.483171 0.105041 0.0212102 -0.691808 -1.44279 -1.03467 -0.860618 0.316688 0.439906 0.468196 0.134859 0.863089 0.352297 -0.537341 0.488935 4.02284 
-0.256574 0.802883 0.765879 0.458208 0.494205 0.102823 0.0142622 -0.697269 -1.45025 -1.02927 -0.85385 0.323602 0.446345 0.453027 0.150625 0.868642 0.353257 -0.538611 0.477017 4.02655 
-0.265963 0.795405 0.768542 0.467506 0.505222 0.100622 0.0073456 -0.702671 -1.45762 -1.02378 -0.847024 0.330557 0.452791 0.43785 0.166366 0.874153 0.354186 -0.539909 0.465083 4.03026 
-0.275414 0.787863 0.77115 0.476768 0.516235 0.0984323 0.000470553 -0.708011 -1.4649 -1.01821 -0.840132 0.337541 0.459255 0.422657 0.182076 0.879613 0.355068 -0.541221 0.453137 4.03397 
-0.28491 0.780257 0.773699 0.485985 0.52723 0.0962558 -0.00636237 -0.713286 -1.4721 -1.01255 -0.833178 0.34457 0.465722 0.407443 0.19775 0.885022 0.355923 -0.542556 0.441175 4.03768 
-0.296616 0.778937 0.780297 0.491785 0.532051 0.078317 0.00979309 -0.716401 -1.47789 -0.999083 -0.837909 0.339284 0.469878 0.403362 0.204505 0.892008 0.359918 -0.554004 0.438576 4.03841 
-0.308336 0.777597 0.786878 0.497574 0.536866 0.0603873 0.025969 -0.719489 -1.48366 -0.985581 -0.842613 0.334004 0.474042 0.399271 0.211256 0.898979 0.363895 -0.565455 0.435955 4.03914 
-0.320073 0.77624 0.793439 0.503355 0.541681 0.0424664 0.0421621 -0.722552 -1.48939 -0.972056 -0.847292 0.328743 0.478207 0.395182 0.217995 0.905928 0.367856 -0.576927 0.433322 4.03989 
-0.331817 0.774872 0.799988 0.509116 0.546492 0.0245446 0.0583679 -0.725588 -1.49508 -0.958491 -0.851955 0.32349 0.482386 0.391083 0.224718 0.912852 0.371799 -0.588412 0.430682 4.04065 
-0.343566 0.773478 0.806519 0.514866 0.551301 0.00663621 0.0745912 -0.728604 -1.50074 -0.944896 -0.856591 0.318253 0.486558 0.386983 0.231427 0.919761 0.37572 -0.599902 0.428018 4.04141 
-0.35533 0.772075 0.813027 0.520604 0.556105 -0.0112743 0.0908363 -0.731583 -1.50636 -0.931273 -0.861214 0.313032 0.490741 0.382871 0.238127 0.92665 0.379627 -0.611414 0.425347 4.04219 
-0.367105 0.770649 0.81952 0.526327 0.560912 -0.0291732 0.107092 -0.734543 -1.51195 -0.917616 -0.865811 0.307823 0.494928 0.378763 0.244808 0.933521 0.38351 -0.622932 0.422658 4.04298 
-0.378887 0.769211 0.825984 0.532045 0.565714 -0.0470602 0.123368 -0.737472 -1.5175 -0.903933 -0.870387 0.30263 0.499112 0.374647 0.251475 0.940367 0.387381 -0.634476 0.419959 4.04378 
-0.38437 0.774639 0.830176 0.539254 0.576822 -0.0562882 0.116781 -0.729359 -1.51614 -0.907173 -0.858783 0.30246 0.485931 0.358471 0.263611 0.937299 0.389256 -0.645106 0.416371 4.03545 
-0.389863 0.780043 0.834351 0.546448 0.587929 -0.0655229 0.110185 -0.721256 -1.51478 -0.910407 -0.847166 0.302285 0.472754 0.342286 0.275753 0.934237 0.391133 -0.655721 0.412807 4.0271 
-0.395381 0.785428 0.838516 0.553633 0.599031 -0.0747596 0.10358 -0.713151 -1.51341 -0.913635 -0.835545 0.302118 0.45957 0.3261 0.28788 0.931179 0.393016 -0.666316 0.409261 4.01871 
-0.400925 0.790791 0.842662 0.560807 0.61013 -0.0840052 0.0969847 -0.70505 -1.51205 -0.916853 -0.823919 0.301946 0.446388 0.309906 0.300017 0.928121 0.394915 -0.676901 0.405737 4.0103 
-0.406496 0.796134 0.84679 0.567976 0.621223 -0.0932575 0.0903812 -0.69695 -1.51068 -0.920066 -0.812285 0.301779 0.433201 0.293713 0.312152 0.925061 0.396817 -0.687467 0.40224 4.00186 
-0.412087 0.80145 0.850907 0.575131 0.632311 -0.10251 0.0837672 -0.688854 -1.50932 -0.923267 -0.800636 0.301616 0.420015 0.277517 0.324275 0.922008 0.398733 -0.698022 0.398754 3.99339 
-0.417705 0.806745 0.855001 0.582277 0.643393 -0.111768 0.0771604 -0.680761 -1.50794 -0.926458 -0.788986 0.301458 0.406821 0.261312 0.336402 0.918951 0.400657 -0.708558 0.395299 3.9849 
-0.423348 0.81201 0.859074 0.589418 0.654465 -0.121025 0.0705441 -0.67267 -1.50656 -0.929641 -0.77733 0.301295 0.393634 0.245112 0.348518 0.9159 0.402589 -0.719082 0.391868 3.97637 
-0.439572 0.819037 0.862619 0.583593 0.647033 -0.117817 0.0755133 -0.685127 -1.50177 -0.935723 -0.762323 0.307536 0.389196 0.247346 0.355836 0.929532 0.40247 -0.724095 0.388596 3.98349 
-0.455809 0.826028 0.866117 0.577751 0.639591 -0.11459 0.0805081 -0.697523 -1.49689 -0.941747 -0.747266 0.313812 0.384774 0.249575 0.363113 0.943122 0.402303 -0.729132 0.385293 3.99063 
-0.472062 0.832987 0.86958 0.571883 0.632144 -0.111357 0.0855432 -0.709867 -1.49195 -0.947692 -0.732162 0.320117 0.380357 0.251797 0.370357 0.956664 0.402091 -0.734195 0.381957 3.9978 
-0.488323 0.839911 0.872999 0.565983 0.624696 -0.108101 0.0906189 -0.722149 -1.48693 -0.953574 -0.717005 0.326442 0.375949 0.253998 0.377574 0.970165 0.401842 -0.739293 0.378592 4.005 
-0.504596 0.846804 0.876387 0.560061 0.617242 -0.104829 0.0957306 -0.73438 -1.48183 -0.959384 -0.701803 0.332806 0.371546 0.256186 0.384756 0.983614 0.401552 -0.744424 0.375187 4.01223 
-0.520886 0.853674 0.879738 0.554116 0.609778 -0.101545 0.100882 -0.746541 -1.47665 -0.965135 -0.686552 0.339194 0.367145 0.258368 0.391909 0.99702 0.401212 -0.749592 0.371745 4.01948 
-0.537178 0.860512 0.883056 0.548151 0.602312 -0.098238 0.106072 -0.758649 -1.47139 -0.970811 -0.671261 0.345608 0.362757 0.260528 0.399028 1.01037 0.400834 -0.754791 0.368271 4.02678 
-0.553478 0.867327 0.886337 0.542164 0.59485 -0.0949109 0.111301 -0.77069 -1.46605 -0.976427 -0.655922 0.35205 0.358381 0.262675 0.406105 1.02367 0.400401 -0.760024 0.36475 4.03411 
-0.571897 0.865793 0.887884 0.546715 0.598264 -0.0866572 0.113672 -0.770109 -1.46717 -0.979637 -0.658096 0.351115 0.363977 0.272328 0.409087 1.02191 0.397037 -0.764772 0.377376 4.04842 
-0.590351 0.864216 0.88939 0.551226 0.601671 -0.078392 0.116074 -0.769478 -1.46821 -0.982781 -0.660228 0.350217 0.369583 0.281956 0.412031 1.02011 0.393638 -0.76953 0.389982 4.06272 
-0.608826 0.862583 0.890844 0.555716 0.605065 -0.0701156 0.118513 -0.768797 -1.46918 -0.985855 -0.662304 0.349337 0.375188 0.291569 0.414938 1.01826 0.390207 -0.774302 0.402586 4.07703 
-0.627338 0.860912 0.892247 0.560166 0.608441 -0.0618283 0.120979 -0.768056 -1.47006 -0.988858 -0.664338 0.348493 0.380804 0.30116 0.417816 1.01637 0.386748 -0.779088 0.41517 4.09134 
-0.645866 0.859195 0.893597 0.564578 0.611806 -0.0535359 0.123482 -0.76726 -1.47087 -0.991789 -0.666317 0.347666 0.386418 0.31074 0.42066 1.01443 0.383248 -0.783892 0.427746 4.10563 
-0.66443 0.857423 0.894902 0.56896 0.615163 -0.0452236 0.126019 -0.766406 -1.4716 -0.994649 -0.668242 0.346874 0.392033 0.320299 0.423457 1.01244 0.379722 -0.788718 0.440315 4.11993 
-0.683018 0.855603 0.896156 0.573308 0.618506 -0.0369057 0.128592 -0.765499 -1.47225 -0.997428 -0.670126 0.346106 0.397658 0.32984 0.42622 1.0104 0.376148 -0.793552 0.452876 4.13423 
-0.701632 0.85374 0.897348 0.577618 0.621845 -0.028575 0.131199 -0.764525 -1.47282 -1.00014 -0.671951 0.345366 0.403285 0.339351 0.428939 1.00831 0.372548 -0.798403 0.465417 4.14852 
-0.71374 0.838908 0.896706 0.591286 0.631119 -0.0370701 0.142551 -0.769628 -1.46279 -1.00722 -0.674718 0.344808 0.409388 0.343246 0.436533 1.01386 0.370994 -0.799111 0.458149 4.15488 
-0.725858 0.824028 0.896001 0.604896 0.640367 -0.045542 0.153959 -0.774628 -1.45262 -1.01418 -0.677416 0.344302 0.41549 0.347108 0.444054 1.01933 0.369381 -0.799858 0.450849 4.16126 
-0.737993 0.809087 0.895226 0.618457 0.6496 -0.0540003 0.165429 -0.77953 -1.44232 -1.02103 -0.680029 0.343838 0.421608 0.350938 0.451515 1.02471 0.367696 -0.800649 0.44351 4.16766 
-0.75015 0.794102 0.89438 0.631959 0.658821 -0.0624312 0.176964 -0.784331 -1.43188 -1.02775 -0.682563 0.343414 0.427722 0.354728 0.458909 1.03 0.365939 -0.801476 0.436124 4.17408 
-0.762313 0.779057 0.893458 0.64541 0.668022 -0.0708394 0.188559 -0.789021 -1.4213 -1.03436 -0.68502 0.343038 0.433839 0.35849 0.466227 1.0352 0.364107 -0.802349 0.428709 4.18051 
-0.774493 0.763962 0.892468 0.658798 0.677194 -0.0792228 0.200219 -0.793616 -1.41058 -1.04084 -0.687388 0.342716 0.439961 0.362207 0.47348 1.04029 0.362209 -0.803259 0.421254 4.18697 
-0.786678 0.748814 0.891397 0.67213 0.686342 -0.0875902 0.211947 -0.798105 -1.39971 -1.04718 -0.689672 0.342437 0.446089 0.365891 0.48065 1.0453 0.36023 -0.804208 0.413761 4.19344 
-0.798871 0.73361 0.890252 0.685401 0.695475 -0.0959365 0.223735 -0.802475 -1.3887 -1.0534 -0.691868 0.342197 0.452225 0.369527 0.487746 1.0502 0.358175 -0.805198 0.40623 4.19992 
-0.818012 0.731624 0.890692 0.688366 0.698431 -0.0859957 0.225658 -0.800308 -1.38976 -1.05458 -0.692592 0.342233 0.45783 0.379295 0.490168 1.04761 0.354433 -0.810551 0.418525 4.21467 
-0.837164 0.72959 0.891065 0.691283 0.701364 -0.0760523 0.22762 -0.798074 -1.39072 -1.05566 -0.693248 0.342312 0.463439 0.389033 0.492534 1.04496 0.350645 -0.815923 0.430802 4.2294 
-0.856333 0.727513 0.891382 0.694147 0.704272 -0.0660943 0.229629 -0.795757 -1.39157 -1.05666 -0.693841 0.342414 0.469041 0.398737 0.494839 1.04223 0.346814 -0.82131 0.443066 4.24412 
-0.875514 0.725388 0.891635 0.696953 0.707159 -0.0561194 0.231681 -0.793367 -1.39232 -1.05755 -0.694364 0.342553 0.474651 0.408406 0.497094 1.03944 0.342926 -0.826727 0.455323 4.25884 
-0.894705 0.723222 0.891822 0.699708 0.710023 -0.0461352 0.233777 -0.7909 -1.39296 -1.05835 -0.694823 0.342723 0.48025 0.418047 0.499281 1.03657 0.338985 -0.832151 0.467565 4.27355 
-0.913904 0.721007 0.891941 0.702413 0.712864 -0.0361487 0.235918 -0.788352 -1.39349 -1.05904 -0.695221 0.342933 0.485855 0.427644 0.501407 1.03362 0.335002 -0.837601 0.479793 4.28824 
-0.933117 0.718751 0.892002 0.705058 0.715673 -0.026155 0.238107 -0.785721 -1.3939 -1.05963 -0.695553 0.343173 0.491451 0.437208 0.503471 1.03061 0.330963 -0.843073 0.492013 4.30293 
-0.952335 0.716448 0.891995 0.707648 0.718452 -0.0161455 0.240344 -0.783003 -1.39419 -1.06012 -0.695824 0.343448 0.497045 0.446733 0.505464 1.02751 0.326877 -0.848563 0.504221 4.3176 
-0.971878 0.713353 0.891597 0.710314 0.721587 -0.0061241 0.242775 -0.780266 -1.39443 -1.06045 -0.695776 0.344102 0.502943 0.456503 0.507838 1.02465 0.32279 -0.854199 0.515547 4.33248 
-0.991433 0.710216 0.891128 0.712907 0.72469 0.00390118 0.245262 -0.777434 -1.39454 -1.06065 -0.695652 0.344795 0.508842 0.466237 0.51013 1.02172 0.318636 -0.859862 0.526851 4.34734 
-1.01098 0.707033 0.890589 0.715436 0.727759 0.0139355 0.247792 -0.7745 -1.39451 -1.06073 -0.69545 0.34552 0.514733 0.475915 0.512341 1.01868 0.31442 -0.86554 0.538144 4.36218 
-1.03052 0.703806 0.889968 0.717888 0.730789 0.0239834 0.250387 -0.771469 -1.39434 -1.06069 -0.695177 0.346285 0.520614 0.48554 0.51447 1.01555 0.310143 -0.871248 0.549426 4.37701 
-1.05006 0.700539 0.889277 0.720266 0.733779 0.034035 0.253031 -0.768332 -1.39403 -1.06052 -0.69482 0.34709 0.526493 0.495116 0.516513 1.01233 0.305802 -0.876979 0.560696 4.39182 
-1.06959 0.697228 0.888503 0.72258 0.736733 0.0441052 0.255737 -0.765099 -1.39358 -1.06023 -0.69439 0.347934 0.53236 0.504633 0.518469 1.009 0.301391 -0.882726 0.571944 4.4066 
-1.08912 0.69388 0.88765 0.72481 0.739642 0.0541768 0.258501 -0.761754 -1.39299 -1.05981 -0.693871 0.348811 0.538216 0.5141 0.520337 1.00558 0.296914 -0.888499 0.583185 4.42137 
-1.10863 0.690501 0.886726 0.726966 0.742502 0.0642513 0.261314 -0.758308 -1.39223 -1.05925 -0.693278 0.349726 0.544058 0.523501 0.522112 1.00205 0.292375 -0.894301 0.594424 4.43611 
-1.1285 0.6862 0.885255 0.729097 0.745717 0.0743965 0.264405 -0.754765 -1.39135 -1.05844 -0.692269 0.351138 0.550318 0.533237 0.524277 0.998733 0.28777 -0.900318 0.604636 4.45114 
-1.14834 0.681864 0.883688 0.731129 0.748884 0.0845401 0.267565 -0.751099 -1.39029 -1.05747 -0.691171 0.352585 0.556567 0.542896 0.526336 0.995287 0.283094 -0.906358 0.614826 4.46614 
-1.16815 0.677489 0.882035 0.733069 0.75199 0.0946891 0.270788 -0.747303 -1.38905 -1.05634 -0.689976 0.35408 0.562791 0.552481 0.528281 0.991715 0.278331 -0.912427 0.625016 4.48111 
-1.18795 0.673085 0.880293 0.734916 0.755032 0.104849 0.274077 -0.743381 -1.38762 -1.05505 -0.688683 0.355619 0.569002 0.561985 0.530096 0.988012 0.273494 -0.918522 0.635186 4.49604 
-1.20771 0.668645 0.878464 0.736659 0.758021 0.115009 0.277436 -0.739316 -1.386 -1.05361 -0.687298 0.3572 0.575182 0.571403 0.531793 0.984177 0.268572 -0.924639 0.645344 4.51093 
-1.22743 0.66417 0.876541 0.738306 0.760944 0.125171 0.280865 -0.735121 -1.38421 -1.052 -0.685815 0.358821 0.581345 0.580733 0.533363 0.980204 0.263557 -0.930779 0.6555 4.52578 
-1.24711 0.659673 0.874524 0.739852 0.763804 0.13533 0.284365 -0.73079 -1.38221 -1.05023 -0.684231 0.360479 0.587484 0.589967 0.534797 0.976099 0.258461 -0.936931 0.665641 4.54058 
-1.26675 0.655142 0.872427 0.74129 0.766586 0.145493 0.287928 -0.726323 -1.38001 -1.04828 -0.682552 0.362175 0.593588 0.599111 0.536098 0.971852 0.253287 -0.94311 0.675787 4.55533 
-1.28673 0.649621 0.869601 0.742533 0.769674 0.155773 0.29187 -0.721643 -1.37754 -1.04593 -0.680338 0.364488 0.600221 0.608631 0.537755 0.967706 0.247961 -0.949589 0.684781 4.57044 
-1.30665 0.644085 0.866669 0.743654 0.77267 0.166054 0.29589 -0.716797 -1.37483 -1.04338 -0.678011 0.366848 0.606811 0.618035 0.539238 0.963391 0.242527 -0.956098 0.693781 4.58549 
-1.3265 0.638528 0.863641 0.744646 0.775578 0.176325 0.29999 -0.711776 -1.37188 -1.04062 -0.675569 0.36925 0.613355 0.627307 0.54055 0.9589 0.236992 -0.962621 0.702777 4.60047 
-1.34626 0.632949 0.860508 0.745514 0.778388 0.186577 0.304163 -0.706589 -1.36868 -1.03766 -0.673006 0.371694 0.619855 0.63645 0.54169 0.954234 0.231353 -0.969165 0.711772 4.61538 
-1.36596 0.627365 0.857279 0.746247 0.781101 0.196828 0.308422 -0.701235 -1.36524 -1.03449 -0.670327 0.374173 0.626299 0.645452 0.542644 0.949381 0.225611 -0.975724 0.720774 4.63019 
-1.38557 0.621771 0.853956 0.746843 0.78372 0.207056 0.312759 -0.695704 -1.36155 -1.03112 -0.66753 0.376686 0.632686 0.65431 0.543405 0.944348 0.219762 -0.982292 0.729796 4.64493 
-1.4051 0.616169 0.850538 0.747299 0.786235 0.21727 0.317171 -0.689999 -1.35761 -1.02753 -0.664619 0.379234 0.639004 0.663019 0.54397 0.939135 0.213821 -0.988877 0.73883 4.65956 
-1.42454 0.610571 0.84702 0.747626 0.78864 0.227458 0.321659 -0.684122 -1.35341 -1.02373 -0.661599 0.38181 0.64526 0.671574 0.544343 0.933731 0.20777 -0.995463 0.74788 4.67409 
-1.44421 0.604 0.84263 0.747551 0.791207 0.237794 0.326626 -0.677865 -1.34872 -1.01934 -0.657916 0.385106 0.652096 0.680451 0.544914 0.928246 0.201462 -1.00241 0.755747 4.68898 
-1.46375 0.597449 0.838141 0.747308 0.793637 0.248098 0.331673 -0.671404 -1.34373 -1.0147 -0.654101 0.388433 0.658838 0.689133 0.545241 0.922536 0.195035 -1.00935 0.763637 4.70373 
-1.48316 0.590915 0.833557 0.7469 0.795929 0.258367 0.336808 -0.664734 -1.33843 -1.0098 -0.650155 0.391779 0.665481 0.697605 0.545316 0.916603 0.188486 -1.01629 0.771567 4.71834 
-1.50243 0.584413 0.82887 0.746326 0.798078 0.268597 0.342019 -0.65786 -1.33283 -1.00465 -0.646087 0.395148 0.672022 0.705872 0.545133 0.910437 0.181826 -1.02323 0.779545 4.73279 
-1.52156 0.577933 0.824087 0.745584 0.800076 0.278784 0.347313 -0.650782 -1.32692 -0.999247 -0.641883 0.398525 0.678449 0.713914 0.544701 0.904043 0.175053 -1.03016 0.787569 4.74708 
-1.54053 0.571491 0.81921 0.744677 0.80193 0.288925 0.352672 -0.643499 -1.32071 -0.993588 -0.63756 0.401922 0.684752 0.721727 0.543999 0.897421 0.168178 -1.03707 0.795657 4.7612 
-1.55935 0.565088 0.814244 0.743604 0.803619 0.299019 0.358108 -0.636017 -1.3142 -0.987682 -0.633118 0.405311 0.690926 0.729309 0.543033 0.890581 0.16119 -1.04395 0.803813 4.77513 
-1.578 0.558737 0.809189 0.742357 0.805159 0.309051 0.3636 -0.628341 -1.30739 -0.981527 -0.628555 0.408706 0.696972 0.736646 0.541801 0.88351 0.154107 -1.0508 0.812041 4.78886 
-1.59668 0.551605 0.803274 0.740527 0.806646 0.319178 0.369607 -0.620142 -1.29988 -0.974642 -0.623284 0.412807 0.703496 0.744098 0.54049 0.87615 0.146695 -1.05797 0.819229 4.80279 
-1.61515 0.544537 0.797273 0.73851 0.807946 0.329222 0.375679 -0.611716 -1.29203 -0.967473 -0.617894 0.416884 0.709849 0.75126 0.538867 0.868539 0.139166 -1.0651 0.826512 4.81648 
-1.63342 0.537558 0.791188 0.736304 0.809048 0.339183 0.381813 -0.603077 -1.28385 -0.960026 -0.612368 0.420945 0.716024 0.758124 0.53692 0.860666 0.131539 -1.07216 0.833901 4.82991 
-1.65146 0.530653 0.78503 0.733908 0.809956 0.349059 0.388002 -0.594229 -1.27532 -0.952311 -0.606735 0.424981 0.722017 0.764674 0.534662 0.852541 0.123818 -1.07917 0.841417 4.84308 
-1.66928 0.523832 0.778802 0.731321 0.81067 0.358838 0.394239 -0.58517 -1.26647 -0.944331 -0.600993 0.428981 0.727811 0.770918 0.532079 0.844179 0.116011 -1.08611 0.849051 4.85597 
-1.68688 0.517105 0.772501 0.728562 0.811175 0.368527 0.400513 -0.575921 -1.2573 -0.936083 -0.595136 0.432932 0.733397 0.776844 0.529186 0.83558 0.108119 -1.09297 0.856829 4.86858 
-1.70425 0.51048 0.766139 0.72561 0.811483 0.378115 0.406827 -0.566472 -1.24782 -0.927593 -0.589186 0.436829 0.738778 0.78246 0.525975 0.826751 0.100153 -1.09975 0.864752 4.88088 
-1.72137 0.503954 0.759722 0.722484 0.811578 0.387584 0.413165 -0.556849 -1.23803 -0.918853 -0.583146 0.440677 0.743947 0.787751 0.522463 0.8177 0.0921154 -1.10643 0.872831 4.89289 
-1.72445 0.489517 0.748662 0.730711 0.823343 0.383726 0.420002 -0.541514 -1.22963 -0.9254 -0.579166 0.434529 0.738794 0.790728 0.530282 0.808324 0.0802281 -1.09917 0.873579 4.89471 
-1.72747 0.475095 0.737555 0.73886 0.83503 0.379813 0.426833 -0.526128 -1.22112 -0.931873 -0.575162 0.428368 0.733565 0.793617 0.538013 0.798892 0.0683515 -1.09185 0.874418 4.8964 
-1.73045 0.460686 0.726402 0.746931 0.846634 0.375847 0.433654 -0.510701 -1.21253 -0.938269 -0.571126 0.42218 0.728274 0.796407 0.54567 0.789422 0.0564766 -1.08448 0.875328 4.89796 
-1.73336 0.446275 0.715213 0.754925 0.85815 0.371834 0.44047 -0.495237 -1.20386 -0.944596 -0.567058 0.415978 0.722918 0.799108 0.553239 0.779908 0.0445998 -1.07705 0.876327 4.89939 
-1.73622 0.431876 0.70398 0.762839 0.869582 0.367767 0.447276 -0.479728 -1.19511 -0.950846 -0.562965 0.409759 0.717502 0.801714 0.560737 0.77035 0.0327357 -1.06957 0.877399 4.90068 
-1.73903 0.417491 0.692714 0.770679 0.880926 0.363646 0.454074 -0.464188 -1.18628 -0.957017 -0.558835 0.403517 0.712015 0.804242 0.568157 0.760748 0.0208749 -1.06203 0.878553 4.90186 
-1.7418 0.403114 0.681407 0.778446 0.892191 0.359476 0.460866 -0.448607 -1.17738 -0.963125 -0.554675 0.397258 0.70647 0.806672 0.575505 0.751107 0.00902427 -1.05444 0.879789 4.9029 
-1.7445 0.388742 0.670069 0.786133 0.903379 0.355247 0.467639 -0.432995 -1.16839 -0.969163 -0.550494 0.390975 0.700859 0.809023 0.582785 0.741433 -0.00281821 -1.04679 0.881099 4.90383 
-1.76122 0.385185 0.664961 0.779165 0.899407 0.366019 0.473209 -0.425588 -1.15844 -0.956651 -0.544256 0.397032 0.70727 0.812738 0.575815 0.733382 -0.00854769 -1.0556 0.889391 4.91488 
-1.77767 0.381781 0.659844 0.77205 0.895224 0.376643 0.478768 -0.418038 -1.14822 -0.943917 -0.537953 0.40301 0.713438 0.816121 0.568538 0.725119 -0.0143173 -1.0643 0.89786 4.92559 
-1.79384 0.378531 0.654735 0.764788 0.890832 0.38713 0.484294 -0.410361 -1.13774 -0.930972 -0.53158 0.408887 0.719361 0.819164 0.560956 0.71666 -0.0201169 -1.07288 0.906514 4.93596 
-1.80973 0.375432 0.649629 0.757385 0.886227 0.397467 0.489792 -0.402558 -1.12703 -0.917816 -0.525147 0.414676 0.725032 0.821869 0.553077 0.708018 -0.0259523 -1.08134 0.915361 4.946 
-1.82534 0.372499 0.644531 0.749845 0.881413 0.407656 0.495252 -0.394651 -1.11608 -0.904471 -0.518661 0.420356 0.730459 0.824247 0.544904 0.699196 -0.0318112 -1.08966 0.9244 4.95568 
-1.84067 0.369723 0.639457 0.742177 0.876393 0.417695 0.500659 -0.386638 -1.10492 -0.890936 -0.512142 0.425929 0.735623 0.826293 0.536451 0.690208 -0.0376839 -1.09785 0.933647 4.96502 
-1.85573 0.367111 0.6344 0.734382 0.871172 0.427579 0.50603 -0.378531 -1.09355 -0.87723 -0.505584 0.431381 0.74053 0.828012 0.527724 0.681055 -0.0435595 -1.10588 0.943094 4.974 
-1.87052 0.364662 0.629369 0.72647 0.865749 0.437314 0.511337 -0.370346 -1.08197 -0.86337 -0.498994 0.43672 0.745183 0.829405 0.518723 0.671757 -0.0494438 -1.11378 0.952754 4.98262 
-1.87921 0.355825 0.624526 0.729099 0.866389 0.440789 0.517207 -0.368695 -1.08039 -0.848254 -0.495964 0.44622 0.748011 0.823473 0.520008 0.66715 -0.0626442 -1.11978 0.940657 4.96602 
-1.88778 0.347061 0.619683 0.731671 0.866926 0.444193 0.523048 -0.367006 -1.07873 -0.833077 -0.492932 0.455669 0.750716 0.8174 0.52118 0.662489 -0.075832 -1.1257 0.928668 4.94925 
-1.89623 0.338366 0.614855 0.734187 0.867375 0.447518 0.528858 -0.365292 -1.07699 -0.817829 -0.489892 0.46505 0.753309 0.811189 0.522243 0.657766 -0.0890057 -1.13156 0.916788 4.93231 
-1.90456 0.32974 0.610036 0.736649 0.867739 0.450769 0.534622 -0.363545 -1.07517 -0.802526 -0.486845 0.474377 0.755782 0.804841 0.523193 0.652994 -0.102175 -1.13733 0.905013 4.91521 
-1.91278 0.321184 0.605232 0.739063 0.868012 0.453946 0.540357 -0.361782 -1.07327 -0.787157 -0.483801 0.48364 0.758137 0.798355 0.52404 0.648173 -0.115328 -1.14302 0.893337 4.89793 
-1.92088 0.312704 0.600436 0.741429 0.868199 0.457047 0.546053 -0.359993 -1.07131 -0.771743 -0.480747 0.492838 0.760374 0.791734 0.52479 0.643301 -0.128473 -1.14864 0.88177 4.88049 
-1.92886 0.304303 0.595661 0.743752 0.868292 0.460067 0.551719 -0.35818 -1.06929 -0.756274 -0.477708 0.501973 0.762499 0.784986 0.52543 0.638382 -0.141588 -1.15418 0.870298 4.86288 
-1.93672 0.295968 0.590902 0.746029 0.868311 0.463021 0.557348 -0.356355 -1.0672 -0.740761 -0.474664 0.511037 0.764499 0.778102 0.525978 0.633426 -0.154695 -1.15964 0.858937 4.84512 
-1.94761 0.297263 0.587193 0.735801 0.861205 0.471041 0.560527 -0.347806 -1.05446 -0.730864 -0.468434 0.512734 0.767223 0.780264 0.514739 0.624607 -0.15593 -1.16493 0.874494 4.85866 
-1.95831 0.298688 0.583538 0.725525 0.85398 0.478951 0.563658 -0.339218 -1.04163 -0.720891 -0.462213 0.514314 0.769757 0.782213 0.503339 0.615723 -0.157153 -1.17011 0.890201 4.87197 
-1.96881 0.300247 0.579926 0.715211 0.846654 0.486753 0.566721 -0.330609 -1.0287 -0.710867 -0.456009 0.515786 0.772102 0.78396 0.491783 0.606763 -0.158352 -1.17518 0.906056 4.88504 
-1.97912 0.301929 0.576371 0.704861 0.839213 0.494459 0.569727 -0.32199 -1.01569 -0.700787 -0.449836 0.517147 0.77427 0.785502 0.480088 0.597729 -0.159524 -1.18012 0.922055 4.89787 
-1.98926 0.303748 0.572875 0.694469 0.831672 0.502053 0.572673 -0.313355 -1.00261 -0.690662 -0.443687 0.518396 0.77625 0.786855 0.468247 0.588638 -0.160675 -1.18496 0.938205 4.91047 
-1.99921 0.305683 0.569426 0.684045 0.824036 0.509546 0.575553 -0.304702 -0.989474 -0.680488 -0.437561 0.519526 0.778045 0.788011 0.456272 0.579497 -0.16179 -1.18968 0.954497 4.92284 
-2.00898 0.307747 0.566031 0.673593 0.816295 0.51694 0.578363 -0.296042 -0.976259 -0.670278 -0.431464 0.520547 0.779668 0.788981 0.444164 0.570296 -0.162875 -1.19429 0.970939 4.93498 
-2.01857 0.309934 0.562686 0.663107 0.808463 0.52423 0.581113 -0.287387 -0.962996 -0.660025 -0.425396 0.521456 0.781119 0.789773 0.431932 0.561043 -0.163936 -1.19878 0.987526 4.9469 
-2.02796 0.312212 0.559365 0.652574 0.800525 0.5314 0.583815 -0.278697 -0.949642 -0.649713 -0.419332 0.522286 0.782403 0.790364 0.419577 0.55173 -0.164978 -1.20316 1.00419 4.95856 
-2.03718 0.314611 0.556099 0.642022 0.792499 0.538465 0.586449 -0.270016 -0.936253 -0.639365 -0.413295 0.523003 0.783511 0.790791 0.407102 0.542378 -0.165993 -1.20742 1.021 4.97 
-2.04624 0.317131 0.552893 0.631452 0.784384 0.545431 0.589008 -0.261343 -0.922818 -0.628998 -0.407299 0.523608 0.784454 0.791053 0.394515 0.532989 -0.166969 -1.21157 1.03795 4.98123 
-2.05514 0.319769 0.549743 0.620849 0.776191 0.5523 0.5915 -0.252676 -0.909339 -0.618609 -0.401345 0.524103 0.785238 0.791141 0.381826 0.523567 -0.167911 -1.21561 1.05504 4.99224 
-2.06387 0.322522 0.546651 0.610237 0.767917 0.559076 0.593915 -0.244023 -0.895835 -0.608206 -0.395429 0.524485 0.785858 0.791076 0.369039 0.514115 -0.16881 -1.21954 1.07226 5.00304 
-2.07245 0.325396 0.543609 0.599607 0.759566 0.565763 0.596264 -0.235393 -0.882297 -0.597795 -0.389563 0.524757 0.786325 0.790863 0.356146 0.504626 -0.16966 -1.22335 1.08962 5.01364 
-2.08086 0.328375 0.540623 0.588966 0.751145 0.572355 0.598536 -0.226769 -0.868739 -0.587382 -0.383737 0.524924 0.786635 0.790501 0.343165 0.495113 -0.17048 -1.22705 1.10713 5.02404 
-2.08913 0.33147 0.537697 0.578312 0.74265 0.578853 0.600741 -0.218174 -0.855157 -0.576961 -0.377951 0.524984 0.786797 0.790002 0.330091 0.485565 -0.171257 -1.23065 1.12475 5.03423 
-2.09953 0.335611 0.534034 0.564646 0.731673 0.587061 0.60345 -0.207199 -0.83774 -0.563609 -0.370612 0.524896 0.786787 0.789169 0.313206 0.473306 -0.172176 -1.23509 1.14755 5.04704 
-2.10968 0.339921 0.530464 0.550974 0.720585 0.595133 0.606044 -0.196261 -0.820306 -0.550263 -0.363354 0.524628 0.786552 0.788115 0.296199 0.461007 -0.173032 -1.23936 1.17056 5.05953 
-2.11961 0.344412 0.526981 0.53729 0.709405 0.603066 0.608517 -0.185377 -0.802855 -0.536925 -0.356171 0.524192 0.786089 0.786859 0.279058 0.448681 -0.173818 -1.24347 1.19378 5.07171 
-2.1293 0.34907 0.5236 0.5236 0.69813 0.61087 0.61087 -0.17453 -0.7854 -0.5236 -0.34907 0.5236 0.7854 0.7854 0.2618 0.43633 -0.17453 -1.2474 1.2172 5.0836 

