43
1.6581 0.17453 0.17453 0.17453 -0.034907 -0.17453 -0.17453 -0.5236 -0.69813 -0.5236 -0.87266 -0.17453 0.087266 0.34907 0.17453 0.17453 0.17453 0.18147 -0.80904 2.4791 
1.55353 0.290083 0.193647 0.147191 0.0806445 -0.233575 -0.211299 -0.61993 -0.701959 -0.414157 -0.907845 -0.216303 0.137914 0.402321 0.111235 0.260277 0.130721 0.177675 -0.844119 2.47765 
1.46274 0.400314 0.130236 0.170079 0.156639 -0.284126 -0.230005 -0.567993 -0.702932 -0.43276 -0.941301 -0.274534 0.209917 0.472705 0.0196625 0.321942 0.10939 0.0661775 -0.755904 2.47184 
1.43225 0.354293 0.162127 0.149807 0.232328 -0.318383 -0.189226 -0.664557 -0.645998 -0.506948 -0.994733 -0.25552 0.286453 0.516528 -0.0170178 0.473649 0.0375238 0.154815 -0.817438 2.53155 
1.30176 0.395533 0.25016 0.163198 0.213516 -0.245298 -0.21913 -0.68378 -0.581663 -0.562811 -1.05344 -0.286227 0.379878 0.480308 -0.0668977 0.516093 0.0991411 0.0517886 -0.708014 2.58572 
1.31846 0.386245 0.310953 0.12169 0.214974 -0.291665 -0.266428 -0.741954 -0.547296 -0.609779 -1.00706 -0.262292 0.480561 0.510925 -0.174571 0.520437 0.237831 0.100531 -0.73717 2.70599 
1.3124 0.319971 0.367723 0.100007 0.107973 -0.147163 -0.27096 -0.787709 -0.520261 -0.701854 -1.02341 -0.264263 0.577813 0.582609 -0.245184 0.560407 0.275508 0.0655625 -0.673492 2.77728 
1.22733 0.342992 0.348306 0.140748 0.0703279 -0.0726372 -0.258116 -0.815319 -0.59062 -0.803564 -0.935873 -0.261406 0.619609 0.651873 -0.296795 0.683891 0.298819 0.0273494 -0.699844 2.81867 
1.08508 0.390027 0.391861 0.181111 0.109469 -0.0458833 -0.236084 -0.822393 -0.656694 -0.842201 -0.945658 -0.243699 0.615765 0.661 -0.253987 0.690593 0.294687 -0.0259753 -0.564934 2.92369 
0.992175 0.427053 0.470757 0.275548 0.0833234 -0.12997 -0.305302 -0.893557 -0.63203 -0.839311 -0.905005 -0.163009 0.574593 0.756496 -0.240165 0.709101 0.341808 -0.130144 -0.571341 2.96262 
0.850731 0.470277 0.509173 0.30969 0.123627 -0.098418 -0.279615 -0.897177 -0.700104 -0.876795 -0.91422 -0.147172 0.576739 0.763502 -0.194836 0.716872 0.334809 -0.179677 -0.438681 3.07033 
0.70816 0.511648 0.547207 0.344017 0.164199 -0.0662294 -0.252895 -0.899182 -0.766262 -0.912889 -0.922304 -0.130971 0.579161 0.770613 -0.149916 0.724351 0.327138 -0.229557 -0.309056 3.17884 
0.665491 0.461918 0.595832 0.370263 0.121584 0.017049 -0.173296 -0.879506 -0.884141 -0.868252 -0.942053 -0.142168 0.579033 0.677428 -0.148084 0.745772 0.410049 -0.236984 -0.229841 3.28169 
0.639473 0.409231 0.686198 0.391726 0.00329891 0.0288518 -0.129463 -0.792547 -0.965927 -0.830454 -1.00291 -0.167343 0.672274 0.572207 -0.0778074 0.720693 0.449631 -0.186579 -0.253922 3.30823 
0.49355 0.455 0.715544 0.425099 0.0586329 0.0578457 -0.107271 -0.797388 -1.01637 -0.870783 -1.0044 -0.148358 0.667098 0.591718 -0.0377936 0.728278 0.433361 -0.240902 -0.129234 3.41522 
0.469447 0.459697 0.739252 0.471581 -0.000763402 0.0588716 -0.0953011 -0.702203 -1.01989 -0.893071 -1.07564 -0.0421047 0.573116 0.529395 -0.0457945 0.769765 0.377806 -0.170116 -0.0872578 3.45838 
0.49156 0.422121 0.801456 0.406309 0.0469857 0.0359346 -0.119203 -0.640267 -1.06727 -0.956938 -0.993271 0.0407612 0.479019 0.508829 -0.00854894 0.834472 0.272153 -0.215333 0.0205039 3.50087 
0.459492 0.51163 0.822477 0.298092 0.100659 0.142735 -0.0549343 -0.650993 -1.15525 -0.994953 -0.913913 0.0906665 0.428608 0.475573 -0.102938 0.8093 0.198204 -0.197976 0.106507 3.51459 
0.308016 0.553592 0.845832 0.344557 0.156961 0.169352 -0.0315014 -0.661349 -1.19257 -1.02646 -0.923321 0.0903462 0.441989 0.503108 -0.0594127 0.807319 0.194782 -0.25961 0.216336 3.61957 
0.154587 0.591881 0.868464 0.390651 0.212809 0.196333 -0.00744531 -0.669874 -1.22751 -1.05579 -0.930864 0.0914793 0.456387 0.531342 -0.0158661 0.805627 0.190644 -0.32134 0.321917 3.72503 
-0.0012763 0.625687 0.889964 0.436273 0.268218 0.223751 0.0172595 -0.676497 -1.25987 -1.08264 -0.936236 0.094325 0.471987 0.560404 0.0277555 0.804266 0.185791 -0.383058 0.422994 3.83069 
-0.0133613 0.719352 0.866923 0.306008 0.203985 0.194912 -0.0188905 -0.626538 -1.37481 -1.05235 -0.855949 0.170244 0.455978 0.565433 0.133387 0.799613 0.273704 -0.451131 0.410873 3.84898 
-0.053404 0.79509 0.703878 0.323617 0.313451 0.166906 0.0381751 -0.625707 -1.38865 -1.13897 -0.826565 0.195198 0.507486 0.525791 0.0614599 0.843585 0.363261 -0.462317 0.40277 3.88665 
-0.0545675 0.829145 0.717987 0.361082 0.397632 0.073276 0.0269194 -0.660174 -1.39234 -1.02758 -0.882334 0.301641 0.386147 0.489237 0.0239799 0.841733 0.367761 -0.479061 0.442126 3.90421 
-0.210419 0.839261 0.751657 0.411202 0.438945 0.114052 0.0493712 -0.669385 -1.41214 -1.05545 -0.88708 0.289395 0.414254 0.528738 0.0714983 0.840465 0.348097 -0.532438 0.536417 4.00804 
-0.28491 0.780257 0.773699 0.485985 0.52723 0.0962558 -0.00636237 -0.713286 -1.4721 -1.01255 -0.833178 0.34457 0.465722 0.407443 0.19775 0.885022 0.355923 -0.542556 0.441175 4.03768 
-0.378887 0.769211 0.825984 0.532045 0.565714 -0.0470602 0.123368 -0.737472 -1.5175 -0.903933 -0.870387 0.30263 0.499112 0.374647 0.251475 0.940367 0.387381 -0.634476 0.419959 4.04378 
-0.423348 0.81201 0.859074 0.589418 0.654465 -0.121025 0.0705441 -0.67267 -1.50656 -0.929641 -0.77733 0.301295 0.393634 0.245112 0.348518 0.9159 0.402589 -0.719082 0.391868 3.97637 
-0.553478 0.867327 0.886337 0.542164 0.59485 -0.0949109 0.111301 -0.77069 -1.46605 -0.976427 -0.655922 0.35205 0.358381 0.262675 0.406105 1.02367 0.400401 -0.760024 0.36475 4.03411 
-0.701632 0.85374 0.897348 0.577618 0.621845 -0.028575 0.131199 -0.764525 -1.47282 -1.00014 -0.671951 0.345366 0.403285 0.339351 0.428939 1.00831 0.372548 -0.798403 0.465417 4.14852 
-0.798871 0.73361 0.890252 0.685401 0.695475 -0.0959365 0.223735 -0.802475 -1.3887 -1.0534 -0.691868 0.342197 0.452225 0.369527 0.487746 1.0502 0.358175 -0.805198 0.40623 4.19992 
-0.952335 0.716448 0.891995 0.707648 0.718452 -0.0161455 0.240344 -0.783003 -1.39419 -1.06012 -0.695824 0.343448 0.497045 0.446733 0.505464 1.02751 0.326877 -0.848563 0.504221 4.3176 
-1.10863 0.690501 0.886726 0.726966 0.742502 0.0642513 0.261314 -0.758308 -1.39223 -1.05925 -0.693278 0.349726 0.544058 0.523501 0.522112 1.00205 0.292375 -0.894301 0.594424 4.43611 
-1.26675 0.655142 0.872427 0.74129 0.766586 0.145493 0.287928 -0.726323 -1.38001 -1.04828 -0.682552 0.362175 0.593588 0.599111 0.536098 0.971852 0.253287 -0.94311 0.675787 4.55533 
-1.42454 0.610571 0.84702 0.747626 0.78864 0.227458 0.321659 -0.684122 -1.35341 -1.02373 -0.661599 0.38181 0.64526 0.671574 0.544343 0.933731 0.20777 -0.995463 0.74788 4.67409 
-1.578 0.558737 0.809189 0.742357 0.805159 0.309051 0.3636 -0.628341 -1.30739 -0.981527 -0.628555 0.408706 0.696972 0.736646 0.541801 0.88351 0.154107 -1.0508 0.812041 4.78886 
-1.72137 0.503954 0.759722 0.722484 0.811578 0.387584 0.413165 -0.556849 -1.23803 -0.918853 -0.583146 0.440677 0.743947 0.787751 0.522463 0.8177 0.0921154 -1.10643 0.872831 4.89289 
-1.7445 0.388742 0.670069 0.786133 0.903379 0.355247 0.467639 -0.432995 -1.16839 -0.969163 -0.550494 0.390975 0.700859 0.809023 0.582785 0.741433 -0.00281821 -1.04679 0.881099 4.90383 
-1.87052 0.364662 0.629369 0.72647 0.865749 0.437314 0.511337 -0.370346 -1.08197 -0.86337 -0.498994 0.43672 0.745183 0.829405 0.518723 0.671757 -0.0494438 -1.11378 0.952754 4.98262 
-1.93672 0.295968 0.590902 0.746029 0.868311 0.463021 0.557348 -0.356355 -1.0672 -0.740761 -0.474664 0.511037 0.764499 0.778102 0.525978 0.633426 -0.154695 -1.15964 0.858937 4.84512 
-2.01857 0.309934 0.562686 0.663107 0.808463 0.52423 0.581113 -0.287387 -0.962996 -0.660025 -0.425396 0.521456 0.781119 0.789773 0.431932 0.561043 -0.163936 -1.19878 0.987526 4.9469 
-2.08913 0.33147 0.537697 0.578312 0.74265 0.578853 0.600741 -0.218174 -0.855157 -0.576961 -0.377951 0.524984 0.786797 0.790002 0.330091 0.485565 -0.171257 -1.23065 1.12475 5.03423 
-2.1293 0.34907 0.5236 0.5236 0.69813 0.61087 0.61087 -0.17453 -0.7854 -0.5236 -0.34907 0.5236 0.7854 0.7854 0.2618 0.43633 -0.17453 -1.2474 1.2172 5.0836 
