0 0.00010 4 49 1, 0.074315 0.073996
1 0.12000 6 87 1, 0.086670 0.086568
0 0.00900 6 59 1, 0.065065 0.064761
1 0.05556 1 52 2, 0.265377 0.266156
2 0.00900 2 30 2, 0.353327 0.352487
3 0.00800 7 24 2, 0.420335 0.420054
4 0.09111 4 100 1, 0.086825 0.086810
5 0.10000 3 43 2, 0.420335 0.420054
6 0.00100 7 65 1, 0.064874 0.064743
7 0.00500 5 44 3, 0.076266 0.076017
8 0.12000 2 58 4, 0.089186 0.089202
9 0.00800 5 50 3, 0.086455 0.086365
10 0.12000 7 65 4, 0.086710 0.086686
11 0.00050 1 34 2, 0.120392 0.119591
12 0.09111 6 10 4, 2.572832 2.571504
13 0.00300 3 41 3, 0.072091 0.071759
14 0.00100 2 10 3, 0.072711 0.072534
15 0.00400 3 15 3, 0.069874 0.069543
16 0.01000 1 69 4, 0.077107 0.076808
17 0.00010 5 68 2, 1.738296 2.199593
18 0.02000 2 96 2, 0.420335 0.420054
19 0.00700 6 99 3, 0.086760 0.086667
20 0.11000 7 17 4, 2.572832 2.571504
21 0.00500 1 19 3, 0.072400 0.072243
22 0.11000 6 77 2, 0.420335 0.420054
