0 0.08222 7 73 4, 1.220665 1.220900
1 0.02889 7 41 1, 0.069634 0.069578
2 0.06444 4 83 4, 0.087044 0.086893
3 0.00900 7 93 1, 0.067503 0.067449
4 0.11000 2 31 1, 0.077556 0.077437
5 0.00100 6 71 3, 0.072701 0.072541
6 0.00200 3 32 3, 0.074419 0.074244
7 0.08222 3 42 1, 0.086646 0.086555
8 0.00600 7 40 1, 0.063989 0.063849
9 0.00050 1 51 4, 0.450768 0.449694
10 0.03778 7 11 4, 0.072999 0.072796
11 0.12000 1 27 1, 0.068886 0.068730
12 0.03778 7 39 4, 0.086341 0.086245
13 0.10000 3 66 3, 0.088445 0.088311
14 0.00100 3 84 4, 0.439845 0.440661
15 0.00800 7 71 4, 0.730265 0.729782
16 0.00800 2 49 1, 0.067994 0.067847
17 0.02000 5 49 3, 0.086833 0.086760
18 0.01000 5 43 3, 0.077224 0.077023
19 0.07333 1 27 1, 0.068177 0.068055
20 0.00700 5 63 4, 0.086357 0.086268
21 0.00500 2 26 3, 0.071274 0.071208
22 0.11000 7 18 1, 0.087575 0.087494
23 0.00010 2 14 1, 0.082581 0.082494
24 0.00500 1 77 3, 0.072247 0.072095
25 0.00050 1 18 4, 0.076509 0.076487
26 0.00200 4 31 1, 0.068019 0.067831
27 0.08222 5 65 3, 0.117977 0.117830
28 0.05556 2 87 1, 0.077094 0.076907
29 0.10000 1 67 3, 0.097064 0.097021
30 0.00400 5 100 3, 0.086415 0.086343
31 0.01000 2 39 4, 0.078599 0.078467
