34
-1.09373 -1.68292 0.99801 -1.48912 -1.01775 -0.431006 2.47099 -0.101416 -0.33912 -2.96362 0.10259 -1.87046 0.665993 -2.84012 
-1.06974 -1.49001 0.643604 -1.42763 -0.719368 -0.647811 2.60309 -0.298021 -0.289126 -2.73332 0.00727061 -1.62286 0.807831 -2.81411 
-0.98271 -1.45834 0.526275 -1.14632 -0.561342 -0.796636 2.54592 -0.274716 -0.260888 -2.63685 -0.0386697 -1.70884 0.872761 -2.67678 
-0.879669 -1.37272 0.740947 -0.956839 -0.281253 -0.955942 2.29671 -0.224183 -0.379625 -2.65862 -0.0853382 -1.80779 0.57426 -2.35852 
-0.623 -1.26219 0.313632 -0.684447 -0.166588 -1.03987 2.41318 -0.224942 -0.316968 -2.53602 -0.234237 -2.03913 0.646725 -2.21157 
-0.474254 -0.92381 0.596693 -0.748986 -0.307718 -0.875305 2.0409 -0.145326 -0.0748027 -2.81198 -0.33368 -2.33379 0.404967 -1.93888 
-0.424262 -0.958028 0.615875 -0.577081 -0.216233 -1.13911 1.86356 -0.0776894 0.132711 -2.92549 -0.073873 -2.44254 0.246354 -1.81825 
-0.173165 -0.648908 0.584349 -1.11715 -0.338697 -0.826411 1.91483 0.0622802 0.0504046 -2.85546 -0.249294 -2.43421 0.261598 -1.93538 
-0.348223 -0.387009 0.779902 -0.785561 -0.479447 -0.754214 1.5646 -0.00606212 0.504124 -2.98198 -0.366328 -2.48971 0.218952 -2.0203 
-0.159344 -0.529914 0.741286 -0.686266 -0.164137 -1.09827 1.31633 0.334571 0.29643 -2.76304 -0.443048 -2.75131 -0.0602203 -2.08514 
-0.137384 -0.805923 0.538279 -0.791797 -0.183082 -0.617957 1.37794 0.308699 0.243726 -2.75328 -0.366601 -2.56924 0.291564 -2.44065 
-0.213913 -0.95265 0.565073 -0.884921 -0.0752829 -0.0698793 1.00137 0.160972 0.326946 -2.83963 -0.336556 -2.80992 0.554884 -2.39916 
-0.287539 -0.937767 0.594783 -1.09331 0.312385 0.293399 0.661459 0.0417824 0.283933 -2.87844 -0.139234 -2.77379 0.948336 -2.25945 
-0.291393 -0.955813 0.633667 -1.30702 0.726464 0.577602 0.440102 -0.0623583 0.128892 -2.86784 0.181134 -2.4617 1.34661 -2.03228 
-0.198054 -1.0732 0.684913 -1.38802 1.04061 0.859541 0.264961 -0.150721 -0.0630643 -2.65996 0.511683 -1.88747 1.66744 -1.71019 
-0.0854889 -0.86724 0.675989 -1.39746 1.14807 0.840371 0.186958 -0.32225 0.153196 -2.83518 0.561479 -1.74584 1.37074 -1.52163 
-0.148617 -0.48057 0.794017 -1.01687 1.06487 0.557129 0.111817 -0.0669453 0.498669 -2.92883 0.504529 -2.17278 1.57064 -1.44984 
-0.120201 0.156254 0.792549 -1.36931 1.26497 0.691282 -0.00430695 0.16189 0.800533 -2.48165 0.342542 -2.25279 1.49545 -1.69899 
-0.276679 -0.39642 1.13688 -1.27822 1.036 0.714639 -0.165064 -0.210765 0.547556 -2.86815 0.406651 -1.96349 1.18412 -1.78421 
-0.25426 -0.528039 1.05526 -1.35465 1.24858 0.894317 -0.0594725 -0.106327 0.18107 -2.49794 0.361677 -1.8537 1.46672 -1.67018 
-0.313207 -0.703721 1.01856 -0.882452 1.39787 0.929064 -0.322314 0.0120568 0.238132 -2.31645 0.649937 -1.58658 1.78354 -1.51405 
0.0853623 -0.511039 0.766797 -1.36566 1.26703 0.968032 -0.0841541 0.356567 0.183151 -2.20905 0.809319 -1.7085 2.03208 -1.53306 
0.166741 -0.791114 0.697587 -1.27006 1.35351 1.26109 -0.2225 0.236491 -0.0275962 -1.90761 0.775244 -0.935555 2.07587 -1.25838 
0.144389 -1.02306 0.504321 -0.849254 1.73968 1.33362 -0.400635 0.17907 -0.278322 -1.85907 0.769214 -0.95444 2.03886 -0.950142 
0.110572 -0.631592 0.748763 -0.952537 1.85814 1.55234 -0.609234 0.37645 -0.178784 -1.47854 0.84037 -0.927217 2.01611 -1.03742 
0.0758718 -0.5673 0.734873 -0.736091 1.61322 1.25022 -0.404627 0.0786563 0.256659 -1.90149 0.823068 -0.904127 1.86733 -0.819013 
0.00353533 -0.617589 0.804574 -0.830863 1.95934 1.544 -0.531463 0.135325 0.342535 -1.79 0.760738 -0.969444 1.46746 -1.16948 
-0.226211 -0.241796 1.14074 -0.92009 2.04156 1.88177 -0.515256 0.186363 0.257502 -1.47428 0.519506 -1.09024 1.37461 -1.41126 
-0.388558 -0.356655 1.02513 -0.701909 1.7877 1.90189 -0.739703 0.159911 0.633017 -1.51232 0.323446 -0.595692 1.68725 -1.74824 
-0.1947 -0.360172 1.1208 -0.686444 1.45607 1.8034 -0.769544 0.190715 0.438875 -1.30905 0.371559 -0.431106 1.9165 -1.25545 
-0.0782329 -0.16439 1.27115 -0.798427 1.46412 2.04419 -0.607658 0.0959987 0.237603 -1.08715 0.271912 -0.613896 1.79156 -0.914344 
0.180076 -0.263704 0.829101 -0.985324 1.55535 1.97668 -0.41124 -0.00865369 0.324612 -1.29684 0.0926397 -0.394329 1.97738 -0.694695 
0.436744 -0.869552 0.534621 -0.957942 1.34865 1.9058 -0.607712 0.18031 -0.085812 -1.37415 0.211825 0.0374555 2.00859 -0.719133 
0.589347 -1.08461 0.399868 -0.915582 1.23539 1.86865 -0.714677 0.271736 -0.267008 -1.42245 0.24666 0.16777 2.04954 -0.749441 
