465
-1.09373 -1.68292 0.99801 -1.48912 -1.01775 -0.431006 2.47099 -0.101416 -0.33912 -2.96362 0.10259 -1.87046 0.665993 -2.84012 
-1.07834 -1.66737 1.00311 -1.47087 -1.01891 -0.447166 2.46269 -0.0932126 -0.335341 -2.94494 0.0974325 -1.8691 0.684041 -2.83841 
-1.06303 -1.65137 1.00809 -1.45281 -1.02009 -0.463271 2.45427 -0.0849282 -0.33132 -2.92624 0.0924391 -1.86791 0.701914 -2.83678 
-1.04782 -1.6349 1.01296 -1.43494 -1.02127 -0.479316 2.44575 -0.0765525 -0.327057 -2.90751 0.0876165 -1.86688 0.719607 -2.8352 
-1.0327 -1.61798 1.01772 -1.41727 -1.02247 -0.4953 2.43712 -0.0680802 -0.322551 -2.88875 0.0829738 -1.86601 0.737113 -2.8337 
-1.01771 -1.60061 1.02236 -1.3998 -1.02366 -0.511222 2.42839 -0.0595049 -0.317806 -2.86995 0.0785208 -1.8653 0.754428 -2.83226 
-1.00285 -1.58278 1.02687 -1.38256 -1.02485 -0.527082 2.41956 -0.0508226 -0.312821 -2.85111 0.0742662 -1.86476 0.771546 -2.83089 
-0.988128 -1.56451 1.03126 -1.36553 -1.02603 -0.542882 2.41065 -0.0420287 -0.307601 -2.83222 0.0702189 -1.86437 0.788463 -2.8296 
-0.973566 -1.54579 1.03552 -1.34873 -1.02719 -0.558622 2.40165 -0.0331195 -0.302149 -2.81329 0.066388 -1.86415 0.805175 -2.82838 
-0.959204 -1.52666 1.03968 -1.33217 -1.02832 -0.574293 2.39256 -0.0240809 -0.296474 -2.7943 0.0627891 -1.8641 0.821678 -2.82724 
-0.945024 -1.5071 1.0437 -1.31584 -1.02943 -0.589905 2.3834 -0.0149213 -0.290578 -2.77526 0.0594236 -1.86421 0.83797 -2.82618 
-0.931042 -1.48713 1.0476 -1.29976 -1.03052 -0.605459 2.37417 -0.0056386 -0.284467 -2.75615 0.0562995 -1.86448 0.854045 -2.8252 
-0.917269 -1.46676 1.05136 -1.28392 -1.03157 -0.620957 2.36489 0.0037684 -0.278149 -2.73697 0.0534246 -1.86491 0.869902 -2.8243 
-0.90372 -1.44599 1.055 -1.26833 -1.03258 -0.636398 2.35554 0.0133019 -0.271633 -2.71772 0.0508072 -1.86549 0.885539 -2.82349 
-0.890403 -1.42485 1.05851 -1.25299 -1.03356 -0.651784 2.34615 0.0229603 -0.264926 -2.6984 0.0484529 -1.86622 0.900954 -2.82276 
-0.87733 -1.40333 1.06189 -1.23789 -1.03451 -0.667117 2.33672 0.0327432 -0.258037 -2.67899 0.0463679 -1.8671 0.916146 -2.82212 
-0.864507 -1.38147 1.06514 -1.22304 -1.03542 -0.682398 2.32725 0.0426487 -0.250977 -2.6595 0.044558 -1.86813 0.931114 -2.82157 
-0.852205 -1.3595 1.06841 -1.20844 -1.03618 -0.697586 2.31771 0.052766 -0.243867 -2.63997 0.0431163 -1.86934 0.945923 -2.82119 
-0.840163 -1.33722 1.07155 -1.19408 -1.03691 -0.712728 2.30813 0.0629957 -0.236617 -2.62034 0.0419554 -1.87069 0.96051 -2.82089 
-0.828389 -1.31465 1.07457 -1.17994 -1.03761 -0.727824 2.29853 0.0733356 -0.229238 -2.60062 0.0410788 -1.87216 0.974877 -2.82069 
-0.816888 -1.29179 1.07746 -1.16602 -1.03828 -0.742875 2.28892 0.0837819 -0.22174 -2.5808 0.0404895 -1.87376 0.989025 -2.82058 
-0.805667 -1.26867 1.08023 -1.15232 -1.03892 -0.757881 2.27929 0.0943321 -0.214136 -2.56088 0.0401911 -1.87547 1.00296 -2.82057 
-0.794725 -1.24529 1.08288 -1.13882 -1.03953 -0.772844 2.26964 0.104981 -0.206436 -2.54086 0.040184 -1.87729 1.01667 -2.82065 
-0.784065 -1.22169 1.08541 -1.12554 -1.04013 -0.787763 2.25999 0.115724 -0.198651 -2.52073 0.0404693 -1.87922 1.03017 -2.82083 
-0.773689 -1.19785 1.08781 -1.11245 -1.0407 -0.802638 2.25034 0.126556 -0.190791 -2.50049 0.0410476 -1.88124 1.04346 -2.8211 
-0.763621 -1.17385 1.09012 -1.09955 -1.04125 -0.817467 2.24068 0.137482 -0.182884 -2.48015 0.0419297 -1.88336 1.05655 -2.82148 
-0.753834 -1.14964 1.0923 -1.08683 -1.04179 -0.832253 2.23101 0.148488 -0.174925 -2.45971 0.0431038 -1.88556 1.06943 -2.82195 
-0.744329 -1.12526 1.09437 -1.07428 -1.04232 -0.846995 2.22135 0.159568 -0.166924 -2.43915 0.0445691 -1.88783 1.08212 -2.82251 
-0.735104 -1.1007 1.09631 -1.06191 -1.04285 -0.861691 2.21169 0.170717 -0.158891 -2.41848 0.0463241 -1.89018 1.0946 -2.82317 
-0.726157 -1.07599 1.09814 -1.04969 -1.04339 -0.876342 2.20203 0.181933 -0.150836 -2.39771 0.0483682 -1.89259 1.10688 -2.82392 
-0.717483 -1.05114 1.09986 -1.03763 -1.04392 -0.890946 2.19237 0.193209 -0.142768 -2.37682 0.0506982 -1.89505 1.11897 -2.82476 
-0.709081 -1.02614 1.10145 -1.02571 -1.04447 -0.905501 2.18272 0.20454 -0.134695 -2.35583 0.0533114 -1.89757 1.13088 -2.82569 
-0.700945 -1.00102 1.10293 -1.01394 -1.04503 -0.920008 2.17307 0.215922 -0.126625 -2.33473 0.0562051 -1.90012 1.14259 -2.82671 
-0.706965 -1.00691 1.10696 -1.00074 -1.04461 -0.911518 2.16692 0.214422 -0.118017 -2.34364 0.0620638 -1.90799 1.13771 -2.81837 
-0.712991 -1.01277 1.11104 -0.987661 -1.04409 -0.902982 2.16071 0.212859 -0.109347 -2.35256 0.0679451 -1.91588 1.1329 -2.81002 
-0.719022 -1.0186 1.11518 -0.974697 -1.04346 -0.894398 2.15446 0.211233 -0.100616 -2.36147 0.0738482 -1.92381 1.12817 -2.80167 
-0.725057 -1.02441 1.11938 -0.961849 -1.04272 -0.885769 2.14815 0.209544 -0.0918245 -2.37038 0.0797726 -1.93177 1.12352 -2.79333 
-0.731096 -1.03018 1.12363 -0.949118 -1.04188 -0.877096 2.14179 0.207788 -0.0829732 -2.37929 0.085718 -1.93975 1.11894 -2.78498 
-0.737139 -1.03593 1.12793 -0.936506 -1.04093 -0.868379 2.13537 0.205967 -0.0740623 -2.3882 0.0916835 -1.94777 1.11445 -2.77663 
-0.743183 -1.04164 1.13229 -0.924013 -1.03988 -0.85962 2.12891 0.204079 -0.0650927 -2.39711 0.0976687 -1.95582 1.11004 -2.76829 
-0.74923 -1.04733 1.13669 -0.911638 -1.03873 -0.850818 2.1224 0.202122 -0.0560651 -2.40601 0.103673 -1.96389 1.10571 -2.75994 
-0.75528 -1.05298 1.14115 -0.899384 -1.03747 -0.841977 2.11583 0.200095 -0.0469809 -2.41491 0.109695 -1.972 1.10146 -2.75159 
-0.76133 -1.0586 1.14565 -0.88725 -1.0361 -0.833096 2.10922 0.197997 -0.0378403 -2.4238 0.115735 -1.98013 1.0973 -2.74325 
-0.76738 -1.06419 1.15021 -0.875236 -1.03463 -0.824176 2.10255 0.195828 -0.0286442 -2.4327 0.121793 -1.98828 1.09322 -2.73491 
-0.77343 -1.06975 1.1548 -0.863344 -1.03306 -0.815218 2.09584 0.193587 -0.0193932 -2.44159 0.127867 -1.99647 1.08923 -2.72656 
-0.77948 -1.07528 1.15944 -0.851572 -1.03139 -0.806223 2.08908 0.191273 -0.010089 -2.45048 0.133958 -2.00468 1.08533 -2.71823 
-0.785527 -1.08077 1.16413 -0.839922 -1.02961 -0.797193 2.08228 0.188884 -0.000731707 -2.45936 0.140064 -2.01291 1.08152 -2.70989 
-0.791573 -1.08623 1.16886 -0.828394 -1.02773 -0.788127 2.07542 0.18642 0.00867725 -2.46825 0.146186 -2.02117 1.07779 -2.70156 
-0.797616 -1.09166 1.17362 -0.816988 -1.02574 -0.779027 2.06852 0.183879 0.018137 -2.47713 0.152323 -2.02945 1.07416 -2.69323 
-0.803661 -1.09704 1.17844 -0.805705 -1.02366 -0.7699 2.06157 0.181256 0.0276393 -2.48601 0.158468 -2.03775 1.07062 -2.68489 
-0.809702 -1.10239 1.18329 -0.794544 -1.02148 -0.760741 2.05458 0.178554 0.03719 -2.49489 0.164627 -2.04608 1.06717 -2.67656 
-0.815738 -1.1077 1.18817 -0.783504 -1.0192 -0.75155 2.04755 0.175773 0.0467879 -2.50376 0.170799 -2.05442 1.06381 -2.66824 
-0.821771 -1.11297 1.1931 -0.772587 -1.01681 -0.742329 2.04047 0.172913 0.056432 -2.51264 0.176984 -2.06278 1.06055 -2.65991 
-0.827798 -1.11821 1.19805 -0.761791 -1.01433 -0.733078 2.03334 0.169971 0.0661201 -2.52151 0.183182 -2.07116 1.05739 -2.6516 
-0.833819 -1.12342 1.20304 -0.751116 -1.01175 -0.723798 2.02617 0.166947 0.0758519 -2.53039 0.189391 -2.07956 1.05433 -2.64329 
-0.839834 -1.12859 1.20806 -0.740563 -1.00907 -0.71449 2.01896 0.16384 0.0856256 -2.53926 0.195612 -2.08798 1.05136 -2.63499 
-0.845843 -1.13372 1.21311 -0.730131 -1.00629 -0.705154 2.0117 0.16065 0.0954399 -2.54814 0.201844 -2.09641 1.0485 -2.62669 
-0.851845 -1.13881 1.21819 -0.71982 -1.00341 -0.695793 2.0044 0.157374 0.105292 -2.55702 0.208086 -2.10485 1.04574 -2.6184 
-0.857839 -1.14386 1.2233 -0.709629 -1.00044 -0.686406 1.99706 0.154013 0.115183 -2.5659 0.214338 -2.11331 1.04308 -2.61012 
-0.863825 -1.14888 1.22843 -0.699559 -0.997367 -0.676993 1.98967 0.150566 0.125109 -2.57478 0.2206 -2.12177 1.04053 -2.60185 
-0.869803 -1.15386 1.23359 -0.689608 -0.994201 -0.667556 1.98225 0.147031 0.13507 -2.58367 0.226872 -2.13025 1.03808 -2.59359 
-0.875773 -1.1588 1.23877 -0.679776 -0.990939 -0.658096 1.97478 0.143408 0.145063 -2.59256 0.233154 -2.13874 1.03574 -2.58534 
-0.881733 -1.1637 1.24397 -0.670063 -0.987582 -0.648612 1.96728 0.139696 0.155088 -2.60145 0.239444 -2.14723 1.03351 -2.5771 
-0.887683 -1.16856 1.24919 -0.660468 -0.984129 -0.639106 1.95973 0.135894 0.165142 -2.61035 0.245743 -2.15573 1.0314 -2.56887 
-0.893624 -1.17338 1.25443 -0.650991 -0.980583 -0.629578 1.95215 0.132002 0.175224 -2.61926 0.252051 -2.16424 1.02939 -2.56066 
-0.899521 -1.17805 1.25974 -0.641668 -0.976969 -0.620055 1.94452 0.128018 0.185263 -2.62816 0.258322 -2.17276 1.02747 -2.55237 
-0.905407 -1.18267 1.26507 -0.63246 -0.973262 -0.610511 1.93685 0.123942 0.195325 -2.63707 0.264602 -2.18128 1.02566 -2.54409 
-0.911283 -1.18726 1.27042 -0.623369 -0.969462 -0.600947 1.92914 0.119772 0.205408 -2.64599 0.270888 -2.1898 1.02397 -2.53583 
-0.917147 -1.19181 1.27577 -0.614392 -0.96557 -0.591362 1.9214 0.115508 0.215511 -2.65491 0.277182 -2.19831 1.0224 -2.52758 
-0.923 -1.19631 1.28114 -0.60553 -0.961585 -0.581758 1.91362 0.111149 0.225631 -2.66385 0.283483 -2.20682 1.02095 -2.51935 
-0.928841 -1.20078 1.28652 -0.596782 -0.957508 -0.572134 1.9058 0.106694 0.235767 -2.6728 0.289791 -2.21533 1.01963 -2.51114 
-0.934671 -1.2052 1.2919 -0.588147 -0.95334 -0.562491 1.89794 0.102142 0.245916 -2.68176 0.296105 -2.22382 1.01843 -2.50295 
-0.940488 -1.20958 1.2973 -0.579625 -0.949079 -0.55283 1.89004 0.0974916 0.256076 -2.69074 0.302426 -2.23231 1.01735 -2.49478 
-0.946292 -1.21392 1.3027 -0.571215 -0.944728 -0.543151 1.88211 0.0927432 0.266244 -2.69973 0.308753 -2.24078 1.01641 -2.48662 
-0.952085 -1.21822 1.3081 -0.562916 -0.940286 -0.533454 1.87415 0.0878954 0.276419 -2.70873 0.315087 -2.24923 1.01559 -2.47849 
-0.957864 -1.22248 1.3135 -0.554727 -0.935752 -0.52374 1.86615 0.0829474 0.286599 -2.71775 0.321427 -2.25767 1.01491 -2.47038 
-0.963631 -1.2267 1.31891 -0.546648 -0.931128 -0.514008 1.85811 0.0778983 0.296781 -2.72679 0.327773 -2.26609 1.01435 -2.4623 
-0.969385 -1.23088 1.32432 -0.538677 -0.926412 -0.50426 1.85004 0.0727473 0.306962 -2.73584 0.334126 -2.27449 1.01394 -2.45424 
-0.975126 -1.23502 1.32972 -0.530815 -0.921606 -0.494495 1.84194 0.0674936 0.317141 -2.74491 0.340485 -2.28286 1.01366 -2.44621 
-0.980854 -1.23912 1.33512 -0.523061 -0.916708 -0.484714 1.83381 0.0621363 0.327315 -2.754 0.346851 -2.29121 1.01352 -2.4382 
-0.98657 -1.24317 1.34051 -0.515413 -0.91172 -0.474917 1.82564 0.0566747 0.337481 -2.76311 0.353223 -2.29952 1.01351 -2.43023 
-0.99226 -1.24717 1.34591 -0.507877 -0.906645 -0.465103 1.81744 0.0511118 0.347626 -2.77224 0.359593 -2.30782 1.01365 -2.42227 
-0.997938 -1.25113 1.35129 -0.500446 -0.901479 -0.455274 1.8092 0.0454427 0.357758 -2.7814 0.36597 -2.31607 1.01394 -2.41434 
-1.0036 -1.25504 1.35667 -0.49312 -0.896222 -0.445429 1.80094 0.0396666 0.367875 -2.79057 0.372353 -2.32429 1.01436 -2.40645 
-1.00926 -1.25892 1.36204 -0.485897 -0.890874 -0.43557 1.79264 0.0337828 0.377974 -2.79977 0.378743 -2.33247 1.01494 -2.39859 
-1.0149 -1.26277 1.36739 -0.478778 -0.885434 -0.425696 1.78432 0.0277906 0.388052 -2.809 0.38514 -2.3406 1.01567 -2.39077 
-1.02052 -1.26657 1.37272 -0.471761 -0.879902 -0.415808 1.77597 0.0216892 0.398106 -2.81825 0.391543 -2.34868 1.01654 -2.38299 
-1.02614 -1.27034 1.37804 -0.464846 -0.874278 -0.405907 1.7676 0.0154777 0.408134 -2.82753 0.397954 -2.35672 1.01757 -2.37525 
-1.03174 -1.27407 1.38334 -0.458032 -0.868562 -0.395992 1.7592 0.00915562 0.418133 -2.83684 0.404371 -2.3647 1.01876 -2.36755 
-1.03733 -1.27777 1.38862 -0.451319 -0.862755 -0.386063 1.75077 0.00272286 0.428098 -2.84617 0.410795 -2.37263 1.0201 -2.35989 
-1.04291 -1.28143 1.39388 -0.444705 -0.856855 -0.376122 1.74232 -0.00382197 0.438028 -2.85553 0.417226 -2.3805 1.0216 -2.35227 
-1.04847 -1.28507 1.39912 -0.43819 -0.850862 -0.36617 1.73385 -0.0104795 0.44792 -2.86493 0.423664 -2.3883 1.02326 -2.34471 
-1.05403 -1.28867 1.40433 -0.431774 -0.844776 -0.356206 1.72536 -0.0172502 0.457773 -2.87435 0.43011 -2.39604 1.02507 -2.33719 
-1.05958 -1.29224 1.40951 -0.425454 -0.838597 -0.346232 1.71685 -0.0241347 0.467581 -2.88381 0.436564 -2.4037 1.02706 -2.32972 
-1.06511 -1.29578 1.41466 -0.419232 -0.832324 -0.336248 1.70832 -0.0311334 0.477342 -2.8933 0.443026 -2.4113 1.0292 -2.32231 
-1.07064 -1.29929 1.41979 -0.413105 -0.825959 -0.326255 1.69978 -0.0382468 0.487055 -2.90282 0.449497 -2.41881 1.03151 -2.31495 
-1.07616 -1.30278 1.42488 -0.407073 -0.819499 -0.316253 1.69122 -0.0454753 0.496715 -2.91238 0.455976 -2.42625 1.03398 -2.30765 
-1.09028 -1.29892 1.43372 -0.394849 -0.79309 -0.322298 1.67471 -0.0462432 0.490421 -2.91159 0.453957 -2.43672 1.03614 -2.28958 
-1.10432 -1.29509 1.44265 -0.382435 -0.766821 -0.32848 1.65818 -0.046966 0.484108 -2.91091 0.451896 -2.44739 1.03827 -2.27158 
-1.11828 -1.29129 1.45167 -0.369836 -0.740696 -0.334797 1.64166 -0.0476436 0.477782 -2.91034 0.449788 -2.45826 1.04035 -2.25366 
-1.13217 -1.28752 1.4608 -0.357056 -0.714718 -0.341243 1.62513 -0.0482768 0.471447 -2.90988 0.447634 -2.46934 1.04239 -2.23581 
-1.14598 -1.28377 1.47002 -0.344101 -0.68889 -0.347817 1.6086 -0.048867 0.46511 -2.90952 0.44543 -2.48063 1.04441 -2.21803 
-1.15971 -1.28005 1.47934 -0.330976 -0.663213 -0.354512 1.59207 -0.0494152 0.458773 -2.90929 0.443175 -2.49214 1.04639 -2.20034 
-1.17337 -1.27635 1.48877 -0.317687 -0.637689 -0.361326 1.57554 -0.0499234 0.452443 -2.90917 0.440866 -2.50387 1.04835 -2.18272 
-1.18694 -1.27267 1.4983 -0.304241 -0.61232 -0.368252 1.55901 -0.0503937 0.446123 -2.90917 0.4385 -2.51583 1.05029 -2.16518 
-1.20045 -1.26901 1.50792 -0.290643 -0.587109 -0.375282 1.5425 -0.050833 0.439821 -2.9093 0.436072 -2.52802 1.05222 -2.14773 
-1.21387 -1.26537 1.51765 -0.276902 -0.562053 -0.382415 1.52599 -0.0512401 0.433537 -2.90955 0.433583 -2.54044 1.05415 -2.13036 
-1.22722 -1.26174 1.52749 -0.263024 -0.537151 -0.389646 1.50949 -0.0516182 0.427274 -2.90993 0.43103 -2.55308 1.05608 -2.11308 
-1.24048 -1.25813 1.53742 -0.249017 -0.5124 -0.396972 1.49299 -0.0519708 0.421036 -2.91044 0.42841 -2.56595 1.05801 -2.09588 
-1.25368 -1.25453 1.54746 -0.234889 -0.487801 -0.404386 1.47651 -0.0523023 0.414825 -2.91108 0.42572 -2.57905 1.05996 -2.07877 
-1.26679 -1.25095 1.55761 -0.220646 -0.463348 -0.411886 1.46004 -0.0526158 0.408643 -2.91185 0.422958 -2.59236 1.06194 -2.06175 
-1.27983 -1.24737 1.56786 -0.206297 -0.439039 -0.419467 1.44358 -0.0529151 0.402494 -2.91276 0.42012 -2.60589 1.06395 -2.04482 
-1.29279 -1.2438 1.5782 -0.191849 -0.414869 -0.427127 1.42713 -0.0532045 0.396379 -2.91381 0.417205 -2.61963 1.06599 -2.02797 
-1.28625 -1.23593 1.58126 -0.195322 -0.413347 -0.412706 1.41489 -0.0557638 0.397467 -2.91797 0.418811 -2.6228 1.07498 -2.02206 
-1.27973 -1.22809 1.58423 -0.198889 -0.411608 -0.398328 1.40262 -0.0584348 0.398444 -2.9221 0.420436 -2.62565 1.08409 -2.01618 
-1.27321 -1.22028 1.58712 -0.20255 -0.409657 -0.383999 1.39032 -0.0612155 0.399309 -2.92618 0.42208 -2.62817 1.09334 -2.01032 
-1.2667 -1.21252 1.58991 -0.206306 -0.407497 -0.369723 1.37799 -0.0641038 0.400061 -2.93022 0.423744 -2.63036 1.10272 -2.00449 
-1.26019 -1.20479 1.59261 -0.210157 -0.40513 -0.355503 1.36565 -0.067097 0.4007 -2.9342 0.425428 -2.63221 1.11222 -1.99869 
-1.2537 -1.19712 1.59523 -0.214105 -0.402562 -0.341345 1.35329 -0.0701928 0.401225 -2.93813 0.427131 -2.63372 1.12184 -1.99292 
-1.24721 -1.18949 1.59775 -0.218148 -0.399795 -0.327251 1.34091 -0.0733883 0.401636 -2.94201 0.428855 -2.63488 1.13156 -1.98718 
-1.24072 -1.18191 1.60017 -0.222287 -0.396834 -0.313226 1.32854 -0.0766803 0.401935 -2.94582 0.430599 -2.6357 1.14139 -1.98147 
-1.23424 -1.17438 1.6025 -0.226521 -0.393683 -0.299274 1.31615 -0.0800642 0.402118 -2.94956 0.432357 -2.63616 1.15132 -1.97579 
-1.22776 -1.16691 1.60473 -0.230849 -0.390348 -0.285397 1.30377 -0.0835381 0.402189 -2.95323 0.434135 -2.63628 1.16135 -1.97014 
-1.22129 -1.15949 1.60687 -0.235271 -0.386834 -0.271598 1.29139 -0.0870982 0.40215 -2.95683 0.435934 -2.63604 1.17145 -1.96452 
-1.21482 -1.15214 1.60891 -0.239786 -0.383145 -0.25788 1.27902 -0.0907408 0.402002 -2.96035 0.437753 -2.63545 1.18164 -1.95892 
-1.20836 -1.14484 1.61085 -0.244392 -0.379286 -0.244245 1.26666 -0.0944621 0.401746 -2.96379 0.439592 -2.63451 1.1919 -1.95335 
-1.2019 -1.13761 1.6127 -0.249088 -0.375264 -0.230696 1.25432 -0.0982581 0.401384 -2.96715 0.441452 -2.63321 1.20222 -1.94781 
-1.19544 -1.13045 1.61445 -0.253873 -0.371082 -0.217234 1.24201 -0.102125 0.400919 -2.97042 0.443332 -2.63155 1.2126 -1.9423 
-1.18898 -1.12336 1.6161 -0.258744 -0.366748 -0.20386 1.22972 -0.106058 0.400352 -2.97359 0.445232 -2.62955 1.22303 -1.93681 
-1.1825 -1.11628 1.61764 -0.263694 -0.362263 -0.190602 1.21744 -0.11004 0.399668 -2.97663 0.447095 -2.6272 1.23348 -1.93136 
-1.17602 -1.10927 1.61908 -0.268726 -0.357635 -0.177435 1.20519 -0.114081 0.398888 -2.97957 0.448978 -2.6245 1.24396 -1.92593 
-1.16955 -1.10233 1.62042 -0.273839 -0.352869 -0.16436 1.19298 -0.118174 0.398015 -2.98241 0.450879 -2.62146 1.25448 -1.92052 
-1.16307 -1.09547 1.62167 -0.279031 -0.347971 -0.151377 1.18081 -0.122318 0.397052 -2.98515 0.4528 -2.61808 1.26502 -1.91513 
-1.15659 -1.08868 1.62283 -0.284299 -0.342945 -0.138488 1.16869 -0.126508 0.396 -2.98777 0.454738 -2.61436 1.27557 -1.90976 
-1.15011 -1.08196 1.62389 -0.289641 -0.337797 -0.125692 1.1566 -0.130738 0.394864 -2.99028 0.456694 -2.6103 1.28613 -1.90441 
-1.14363 -1.07532 1.62486 -0.295054 -0.332531 -0.11299 1.14457 -0.135007 0.393645 -2.99267 0.458668 -2.60591 1.2967 -1.89907 
-1.13715 -1.06876 1.62574 -0.300537 -0.327151 -0.10038 1.13258 -0.139309 0.392349 -2.99494 0.460658 -2.60119 1.30726 -1.89375 
-1.13066 -1.06227 1.62653 -0.306084 -0.321664 -0.0878664 1.12065 -0.143639 0.390975 -2.99709 0.462659 -2.59615 1.31781 -1.88844 
-1.12416 -1.05585 1.62722 -0.311696 -0.316073 -0.0754449 1.10878 -0.147995 0.38953 -2.99912 0.464674 -2.59079 1.32834 -1.88315 
-1.11767 -1.04951 1.62783 -0.317368 -0.310383 -0.0631148 1.09696 -0.152372 0.388015 -3.00101 0.466705 -2.58512 1.33885 -1.87787 
-1.11116 -1.04325 1.62835 -0.323099 -0.304597 -0.0508752 1.0852 -0.156769 0.386434 -3.00278 0.46875 -2.57913 1.34934 -1.8726 
-1.10466 -1.03707 1.62878 -0.328886 -0.29872 -0.0387256 1.0735 -0.161179 0.384791 -3.00442 0.470808 -2.57284 1.35979 -1.86733 
-1.09814 -1.03097 1.62912 -0.334725 -0.292755 -0.0266646 1.06187 -0.165601 0.383088 -3.00592 0.472878 -2.56625 1.3702 -1.86208 
-1.09163 -1.02495 1.62938 -0.340615 -0.286707 -0.014691 1.0503 -0.170031 0.381329 -3.00729 0.47496 -2.55936 1.38057 -1.85683 
-1.0851 -1.019 1.62956 -0.346553 -0.28058 -0.00280357 1.0388 -0.174465 0.379517 -3.00852 0.477053 -2.55218 1.39089 -1.85158 
-1.07844 -1.01281 1.62949 -0.352492 -0.274428 0.00880689 1.02736 -0.178774 0.377644 -3.00942 0.478794 -2.54484 1.40094 -1.84644 
-1.07178 -1.0067 1.62934 -0.358475 -0.268204 0.0203365 1.01598 -0.183079 0.375729 -3.01018 0.480543 -2.53723 1.41093 -1.8413 
-1.06511 -1.00066 1.62912 -0.3645 -0.261911 0.0317865 1.00468 -0.187377 0.373776 -3.01081 0.482299 -2.52935 1.42086 -1.83616 
-1.05844 -0.994689 1.62882 -0.370565 -0.255551 0.0431586 0.993454 -0.191666 0.371786 -3.01131 0.484062 -2.52122 1.43073 -1.83102 
-1.05175 -0.988795 1.62845 -0.376667 -0.249129 0.0544538 0.982299 -0.195943 0.369764 -3.01166 0.485829 -2.51283 1.44053 -1.82588 
-1.04507 -0.982975 1.62801 -0.382804 -0.242646 0.0656741 0.971216 -0.200205 0.367711 -3.01187 0.4876 -2.50418 1.45026 -1.82074 
-1.03837 -0.977228 1.62749 -0.388973 -0.236106 0.0768209 0.960209 -0.204449 0.365631 -3.01194 0.489375 -2.4953 1.45991 -1.81559 
-1.03167 -0.971554 1.6269 -0.395173 -0.229511 0.0878958 0.949277 -0.208674 0.363526 -3.01187 0.491151 -2.48617 1.46949 -1.81044 
-1.02496 -0.965949 1.62624 -0.4014 -0.222865 0.0988982 0.938422 -0.212875 0.3614 -3.01166 0.492924 -2.47681 1.47898 -1.80529 
-1.01824 -0.960416 1.62551 -0.407652 -0.216169 0.109832 0.927643 -0.217053 0.359253 -3.0113 0.494697 -2.46723 1.48839 -1.80013 
-1.01151 -0.954954 1.62472 -0.413929 -0.209425 0.120699 0.916942 -0.221203 0.35709 -3.0108 0.496469 -2.45741 1.49772 -1.79497 
-1.00478 -0.949564 1.62385 -0.420226 -0.202637 0.131499 0.906319 -0.225326 0.354913 -3.01016 0.498239 -2.44738 1.50695 -1.78979 
-0.998036 -0.944244 1.62292 -0.426543 -0.195805 0.142236 0.895774 -0.229417 0.352723 -3.00937 0.500004 -2.43714 1.5161 -1.78461 
-0.991283 -0.938993 1.62193 -0.432876 -0.188932 0.152911 0.885309 -0.233476 0.350524 -3.00844 0.501765 -2.42668 1.52515 -1.77943 
-0.984522 -0.933812 1.62087 -0.439226 -0.182021 0.163524 0.874922 -0.237502 0.348318 -3.00736 0.503521 -2.41603 1.5341 -1.77424 
-0.977751 -0.9287 1.61975 -0.445588 -0.175073 0.174079 0.864615 -0.241491 0.346106 -3.00615 0.505269 -2.40517 1.54296 -1.76904 
-0.970964 -0.923633 1.61855 -0.45196 -0.168096 0.184561 0.854393 -0.245433 0.343894 -3.00478 0.506979 -2.39414 1.5517 -1.76384 
-0.964166 -0.918632 1.61729 -0.458343 -0.161086 0.194988 0.84425 -0.249336 0.341681 -3.00326 0.508679 -2.38292 1.56034 -1.75863 
-0.95736 -0.913698 1.61597 -0.464733 -0.154045 0.20536 0.834188 -0.253199 0.33947 -3.00161 0.510369 -2.37152 1.56888 -1.75341 
-0.950543 -0.90883 1.6146 -0.471129 -0.146973 0.215679 0.824205 -0.25702 0.337262 -2.99981 0.512048 -2.35993 1.57731 -1.74819 
-0.943717 -0.904026 1.61316 -0.477531 -0.139874 0.225946 0.814303 -0.260797 0.335059 -2.99788 0.513713 -2.34818 1.58564 -1.74296 
-0.936881 -0.899287 1.61167 -0.483935 -0.132748 0.236163 0.804481 -0.264531 0.332863 -2.9958 0.515365 -2.33625 1.59386 -1.73772 
-0.930034 -0.894611 1.61012 -0.49034 -0.125598 0.246331 0.794739 -0.268219 0.330676 -2.99358 0.517002 -2.32416 1.60197 -1.73247 
-0.923178 -0.889999 1.60851 -0.496746 -0.118424 0.256452 0.785078 -0.27186 0.328499 -2.99122 0.518623 -2.31191 1.60998 -1.72721 
-0.91631 -0.885446 1.60685 -0.503149 -0.111228 0.266525 0.775497 -0.275453 0.326334 -2.98873 0.520223 -2.2995 1.61788 -1.72195 
-0.909432 -0.880955 1.60514 -0.50955 -0.104011 0.276554 0.765996 -0.278997 0.324182 -2.9861 0.521806 -2.28695 1.62566 -1.71668 
-0.902543 -0.876524 1.60337 -0.515946 -0.0967756 0.286539 0.756575 -0.282492 0.322046 -2.98333 0.523369 -2.27424 1.63334 -1.7114 
-0.895643 -0.872152 1.60155 -0.522336 -0.0895216 0.296481 0.747233 -0.285937 0.319926 -2.98042 0.524912 -2.2614 1.64091 -1.70611 
-0.888733 -0.86784 1.59968 -0.52872 -0.0822507 0.306384 0.73797 -0.28933 0.317824 -2.97739 0.526432 -2.24841 1.64836 -1.70082 
-0.881812 -0.863586 1.59776 -0.535095 -0.0749641 0.316246 0.728787 -0.292672 0.315741 -2.97422 0.527931 -2.23529 1.65571 -1.69552 
-0.87488 -0.859389 1.59579 -0.54146 -0.0676629 0.32607 0.719682 -0.295961 0.313678 -2.97092 0.529406 -2.22204 1.66294 -1.69021 
-0.867936 -0.855249 1.59377 -0.547814 -0.0603482 0.335856 0.710656 -0.299197 0.311637 -2.96748 0.530856 -2.20866 1.67006 -1.6849 
-0.855548 -0.849887 1.59194 -0.560466 -0.0462565 0.354929 0.694137 -0.305194 0.304723 -2.96024 0.534317 -2.18193 1.68413 -1.6733 
-0.843084 -0.844775 1.58989 -0.573022 -0.0321539 0.373854 0.677908 -0.310994 0.297885 -2.95246 0.537656 -2.15473 1.69774 -1.66168 
-0.830543 -0.839904 1.58764 -0.585475 -0.0180482 0.392638 0.661965 -0.316591 0.291132 -2.94414 0.540864 -2.12709 1.71089 -1.65006 
-0.817926 -0.83527 1.58519 -0.597819 -0.00394633 0.411289 0.646305 -0.321982 0.28447 -2.9353 0.543934 -2.09902 1.72358 -1.63843 
-0.805234 -0.830862 1.58254 -0.610048 0.0101441 0.429813 0.630925 -0.327165 0.277905 -2.92595 0.546857 -2.07058 1.73582 -1.6268 
-0.792465 -0.826678 1.5797 -0.622156 0.0242181 0.448217 0.615819 -0.332138 0.271442 -2.91611 0.549629 -2.04177 1.74761 -1.61518 
-0.779622 -0.822709 1.57668 -0.634139 0.0382695 0.466509 0.600981 -0.336899 0.265086 -2.90579 0.552244 -2.01263 1.75897 -1.60356 
-0.766703 -0.818952 1.57349 -0.645991 0.0522932 0.484693 0.586406 -0.341448 0.258841 -2.89501 0.554696 -1.98317 1.7699 -1.59196 
-0.753712 -0.815383 1.57012 -0.65771 0.0662768 0.50277 0.572098 -0.345777 0.25271 -2.88378 0.556956 -1.95345 1.7804 -1.58038 
-0.740646 -0.812013 1.56658 -0.669291 0.0802232 0.520753 0.558042 -0.349892 0.246696 -2.87211 0.559044 -1.92347 1.79049 -1.56882 
-0.727504 -0.808836 1.56289 -0.68073 0.0941277 0.538647 0.544229 -0.353794 0.240799 -2.86002 0.560955 -1.89324 1.80018 -1.55728 
-0.714287 -0.805848 1.55904 -0.692024 0.107986 0.556458 0.530655 -0.357483 0.235023 -2.84753 0.562684 -1.86279 1.80948 -1.54577 
-0.700994 -0.803041 1.55504 -0.703169 0.121794 0.574191 0.517314 -0.360959 0.229367 -2.83465 0.564225 -1.83212 1.8184 -1.53429 
-0.687625 -0.800413 1.5509 -0.714162 0.135548 0.591851 0.504197 -0.364223 0.223833 -2.8214 0.565577 -1.80127 1.82695 -1.52284 
-0.674179 -0.79796 1.54662 -0.725001 0.149244 0.609445 0.491298 -0.367275 0.218421 -2.80778 0.566736 -1.77024 1.83513 -1.51142 
-0.660656 -0.795677 1.54221 -0.735683 0.16288 0.626976 0.478609 -0.370117 0.213131 -2.79383 0.567698 -1.73904 1.84297 -1.50004 
-0.647114 -0.793499 1.53766 -0.746201 0.176405 0.644428 0.466176 -0.372726 0.207972 -2.77955 0.568355 -1.70785 1.85048 -1.48878 
-0.633494 -0.791483 1.53299 -0.756559 0.189863 0.661828 0.453938 -0.375128 0.202934 -2.76495 0.56881 -1.67653 1.85767 -1.47756 
-0.619796 -0.789626 1.5282 -0.766754 0.203252 0.679181 0.441885 -0.377323 0.198016 -2.75006 0.569061 -1.64509 1.86454 -1.46638 
-0.606018 -0.787924 1.52329 -0.776785 0.216568 0.696491 0.430011 -0.379311 0.193219 -2.73489 0.569105 -1.61354 1.87111 -1.45525 
-0.592162 -0.786376 1.51827 -0.786648 0.229809 0.713762 0.418308 -0.381094 0.18854 -2.71944 0.568939 -1.58189 1.87737 -1.44417 
-0.578224 -0.784978 1.51314 -0.796343 0.24297 0.730999 0.406768 -0.382671 0.183978 -2.70373 0.568559 -1.55015 1.88336 -1.43314 
-0.564203 -0.783729 1.50791 -0.805866 0.256049 0.748206 0.395383 -0.384043 0.179532 -2.68778 0.567965 -1.51834 1.88906 -1.42216 
-0.550099 -0.782627 1.50257 -0.815215 0.269044 0.765386 0.384144 -0.385209 0.175201 -2.67159 0.567153 -1.48645 1.8945 -1.41123 
-0.535919 -0.781667 1.49714 -0.824387 0.281947 0.782543 0.373048 -0.386171 0.170984 -2.65519 0.566113 -1.4545 1.89968 -1.40036 
-0.521653 -0.780852 1.4916 -0.833381 0.294759 0.799682 0.362082 -0.386927 0.166879 -2.63858 0.56485 -1.42251 1.9046 -1.38955 
-0.507299 -0.780178 1.48597 -0.842196 0.307477 0.816805 0.351237 -0.387477 0.162882 -2.62178 0.563362 -1.39046 1.90929 -1.3788 
-0.492856 -0.779645 1.48025 -0.850829 0.320098 0.833918 0.340506 -0.38782 0.158992 -2.60479 0.561646 -1.35838 1.91374 -1.36811 
-0.478323 -0.779252 1.47443 -0.859277 0.332618 0.851023 0.329881 -0.387955 0.155207 -2.58764 0.559698 -1.32626 1.91797 -1.35748 
-0.463698 -0.778999 1.46852 -0.86754 0.345035 0.868125 0.319351 -0.387881 0.151525 -2.57033 0.557516 -1.29411 1.92197 -1.34691 
-0.448979 -0.778883 1.46252 -0.875614 0.357346 0.885226 0.308909 -0.387597 0.147943 -2.55288 0.555098 -1.26195 1.92576 -1.33641 
-0.434164 -0.778905 1.45644 -0.883498 0.369547 0.902331 0.298545 -0.3871 0.144459 -2.53529 0.552441 -1.22977 1.92935 -1.32597 
-0.448412 -0.78927 1.44876 -0.877565 0.385755 0.903971 0.293573 -0.394502 0.14649 -2.53378 0.546613 -1.22909 1.93254 -1.33719 
-0.462685 -0.799645 1.44113 -0.871631 0.401971 0.905712 0.288551 -0.401912 0.148537 -2.53231 0.54082 -1.22846 1.93575 -1.34835 
-0.476982 -0.810028 1.43353 -0.865695 0.418192 0.907555 0.283481 -0.409327 0.150599 -2.53091 0.535063 -1.22786 1.93898 -1.35946 
-0.491303 -0.82042 1.42596 -0.859757 0.434419 0.909501 0.278363 -0.416749 0.152677 -2.52955 0.529341 -1.2273 1.94223 -1.37053 
-0.505647 -0.83082 1.41842 -0.853816 0.450651 0.911553 0.273198 -0.424175 0.15477 -2.52825 0.523656 -1.22677 1.9455 -1.38154 
-0.520014 -0.841227 1.41092 -0.847873 0.466888 0.913709 0.267987 -0.431605 0.156878 -2.52699 0.518007 -1.22629 1.94878 -1.39251 
-0.534402 -0.85164 1.40346 -0.841927 0.483128 0.915973 0.262729 -0.439039 0.159001 -2.52579 0.512394 -1.22584 1.95209 -1.40343 
-0.548812 -0.862059 1.39602 -0.835977 0.499371 0.918344 0.257427 -0.446476 0.161139 -2.52463 0.506818 -1.22544 1.9554 -1.4143 
-0.563241 -0.872482 1.38861 -0.830023 0.515617 0.920825 0.25208 -0.453915 0.163292 -2.52352 0.501279 -1.22508 1.95873 -1.42513 
-0.577691 -0.882909 1.38124 -0.824065 0.531864 0.923415 0.24669 -0.461356 0.16546 -2.52246 0.495777 -1.22475 1.96207 -1.43591 
-0.59216 -0.89334 1.37389 -0.818102 0.548113 0.926116 0.241257 -0.468797 0.167642 -2.52144 0.490313 -1.22447 1.96541 -1.44665 
-0.606649 -0.903775 1.36657 -0.812134 0.564361 0.928929 0.235782 -0.476238 0.169839 -2.52046 0.484886 -1.22423 1.96877 -1.45734 
-0.621156 -0.914212 1.35928 -0.806159 0.580609 0.931855 0.230266 -0.483679 0.172051 -2.51952 0.479496 -1.22403 1.97213 -1.46799 
-0.635681 -0.924651 1.35201 -0.800178 0.596855 0.934894 0.22471 -0.491119 0.174276 -2.51862 0.474144 -1.22387 1.97549 -1.47859 
-0.650223 -0.935092 1.34477 -0.79419 0.613099 0.938048 0.219114 -0.498556 0.176516 -2.51776 0.46883 -1.22376 1.97886 -1.48915 
-0.664782 -0.945533 1.33756 -0.788195 0.629341 0.941318 0.21348 -0.505991 0.17877 -2.51694 0.463554 -1.22368 1.98223 -1.49968 
-0.679351 -0.955966 1.33037 -0.782194 0.645581 0.944704 0.207806 -0.513418 0.181038 -2.51615 0.458313 -1.22366 1.9856 -1.51015 
-0.693936 -0.9664 1.32319 -0.776185 0.661817 0.948207 0.202096 -0.520841 0.18332 -2.51539 0.45311 -1.22367 1.98897 -1.52059 
-0.708535 -0.976832 1.31605 -0.770167 0.678048 0.951828 0.19635 -0.528258 0.185615 -2.51467 0.447945 -1.22373 1.99234 -1.53099 
-0.72315 -0.987263 1.30892 -0.764138 0.694273 0.955568 0.190568 -0.535671 0.187923 -2.51398 0.442818 -1.22383 1.9957 -1.54135 
-0.737779 -0.997692 1.30181 -0.758099 0.71049 0.959427 0.184753 -0.543077 0.190245 -2.51332 0.43773 -1.22397 1.99905 -1.55167 
-0.752422 -1.00812 1.29473 -0.752049 0.7267 0.963406 0.178904 -0.550476 0.192579 -2.51269 0.432679 -1.22416 2.0024 -1.56195 
-0.767079 -1.01854 1.28766 -0.745987 0.742901 0.967506 0.173023 -0.557867 0.194927 -2.51209 0.427667 -1.22438 2.00574 -1.5722 
-0.781748 -1.02896 1.28062 -0.739913 0.759093 0.971727 0.167111 -0.565249 0.197286 -2.51151 0.422693 -1.22465 2.00906 -1.58241 
-0.79643 -1.03938 1.27359 -0.733826 0.775275 0.976071 0.161168 -0.572622 0.199659 -2.51095 0.417757 -1.22496 2.01238 -1.59259 
-0.811123 -1.04979 1.26658 -0.727726 0.791446 0.980537 0.155197 -0.579985 0.202044 -2.51042 0.412859 -1.22531 2.01568 -1.60273 
-0.825829 -1.06019 1.25958 -0.721612 0.807604 0.985127 0.149197 -0.587338 0.204441 -2.50991 0.407999 -1.22571 2.01896 -1.61283 
-0.840546 -1.07059 1.25261 -0.715483 0.82375 0.989841 0.14317 -0.594679 0.206849 -2.50941 0.403178 -1.22614 2.02223 -1.62291 
-0.855274 -1.08099 1.24564 -0.709338 0.839882 0.994679 0.137117 -0.602008 0.20927 -2.50894 0.398395 -1.22662 2.02548 -1.63295 
-0.870013 -1.09137 1.23869 -0.703178 0.855999 0.999643 0.131038 -0.609324 0.211703 -2.50848 0.393651 -1.22713 2.0287 -1.64296 
-0.884762 -1.10176 1.23176 -0.697001 0.8721 1.00473 0.124937 -0.616626 0.214147 -2.50804 0.388944 -1.22769 2.03191 -1.65294 
-0.899522 -1.11213 1.22484 -0.690807 0.888185 1.00995 0.118812 -0.623915 0.216603 -2.50761 0.384277 -1.22829 2.03509 -1.66289 
-0.900102 -1.12285 1.20321 -0.691128 0.912241 1.01259 0.110039 -0.62065 0.219448 -2.50741 0.385339 -1.23997 2.03404 -1.67512 
-0.900608 -1.1336 1.18156 -0.691264 0.936226 1.01526 0.101319 -0.617372 0.222201 -2.50711 0.386369 -1.25165 2.03286 -1.68746 
-0.901042 -1.14439 1.15988 -0.691212 0.960138 1.01796 0.0926503 -0.614079 0.224859 -2.50672 0.387365 -1.26331 2.03156 -1.69992 
-0.901405 -1.15522 1.13818 -0.690975 0.983975 1.02069 0.0840307 -0.61077 0.22742 -2.50622 0.388327 -1.27497 2.03014 -1.7125 
-0.901696 -1.16608 1.11646 -0.690552 1.00773 1.02345 0.0754586 -0.607445 0.229883 -2.50562 0.389254 -1.28661 2.02858 -1.72518 
-0.901918 -1.17698 1.09472 -0.689944 1.03141 1.02625 0.0669323 -0.604102 0.232246 -2.50493 0.390145 -1.29823 2.0269 -1.73798 
-0.90207 -1.18792 1.07296 -0.689151 1.05501 1.02907 0.0584502 -0.60074 0.234507 -2.50415 0.390999 -1.30984 2.02508 -1.75089 
-0.902153 -1.19889 1.05119 -0.688172 1.07852 1.03193 0.0500107 -0.597358 0.236664 -2.50327 0.391816 -1.32143 2.02313 -1.76392 
-0.902171 -1.20989 1.0294 -0.687008 1.10194 1.03482 0.0416121 -0.593956 0.238713 -2.5023 0.392594 -1.333 2.02104 -1.77705 
-0.902122 -1.22094 1.00759 -0.685659 1.12527 1.03775 0.0332532 -0.590533 0.240655 -2.50123 0.393333 -1.34455 2.01882 -1.79029 
-0.902005 -1.23202 0.985776 -0.684126 1.14851 1.0407 0.0249322 -0.587086 0.242485 -2.50008 0.394032 -1.35608 2.01646 -1.80364 
-0.901822 -1.24314 0.963946 -0.68241 1.17165 1.04369 0.0166479 -0.583616 0.244203 -2.49884 0.39469 -1.36758 2.01395 -1.8171 
-0.901573 -1.25429 0.942105 -0.680509 1.19469 1.04671 0.00839901 -0.58012 0.245806 -2.4975 0.395305 -1.37906 2.0113 -1.83067 
-0.901259 -1.26548 0.920254 -0.678425 1.21763 1.04977 0.00018419 -0.576598 0.247292 -2.49608 0.395877 -1.3905 2.00851 -1.84434 
-0.90088 -1.27671 0.898395 -0.676158 1.24046 1.05285 -0.00799795 -0.573049 0.248657 -2.49457 0.396406 -1.40192 2.00557 -1.85812 
-0.900436 -1.28798 0.876529 -0.673709 1.26319 1.05597 -0.0161485 -0.569472 0.249901 -2.49297 0.396888 -1.4133 2.00248 -1.872 
-0.899961 -1.2993 0.854667 -0.671067 1.28581 1.05913 -0.0242695 -0.565876 0.251016 -2.49129 0.397323 -1.42466 1.99925 -1.88599 
-0.899422 -1.31066 0.832801 -0.668243 1.30833 1.06232 -0.032361 -0.562249 0.252003 -2.48952 0.397709 -1.43597 1.99586 -1.90009 
-0.89882 -1.32205 0.810932 -0.665237 1.33072 1.06554 -0.0404244 -0.55859 0.252861 -2.48767 0.398047 -1.44725 1.99231 -1.91429 
-0.898156 -1.33349 0.789062 -0.66205 1.353 1.0688 -0.0484605 -0.5549 0.253586 -2.48574 0.398334 -1.45848 1.98861 -1.92859 
-0.89743 -1.34496 0.767193 -0.658681 1.37515 1.07209 -0.0564704 -0.551175 0.254175 -2.48372 0.39857 -1.46967 1.98475 -1.943 
-0.896643 -1.35647 0.745325 -0.655131 1.39718 1.07541 -0.0644549 -0.547417 0.254626 -2.48162 0.398752 -1.48082 1.98073 -1.9575 
-0.895795 -1.36801 0.723461 -0.651401 1.41908 1.07876 -0.0724151 -0.543623 0.254936 -2.47943 0.398879 -1.49192 1.97655 -1.97211 
-0.894887 -1.3796 0.701602 -0.64749 1.44085 1.08215 -0.0803518 -0.539793 0.255101 -2.47717 0.39895 -1.50297 1.97221 -1.98682 
-0.893922 -1.39123 0.67975 -0.643398 1.46249 1.08557 -0.0882663 -0.535927 0.255118 -2.47483 0.398963 -1.51396 1.9677 -2.00162 
-0.892898 -1.40289 0.657907 -0.639127 1.48399 1.08902 -0.096159 -0.532023 0.254984 -2.47241 0.398917 -1.5249 1.96303 -2.01653 
-0.891814 -1.41459 0.636075 -0.634676 1.50535 1.0925 -0.104031 -0.528081 0.254696 -2.46991 0.398809 -1.53578 1.95819 -2.03153 
-0.890672 -1.42633 0.614255 -0.630047 1.52657 1.09601 -0.111883 -0.524099 0.25425 -2.46734 0.398638 -1.5466 1.95318 -2.04663 
-0.889472 -1.43811 0.592449 -0.625239 1.54764 1.09955 -0.119715 -0.520077 0.253643 -2.46469 0.398402 -1.55735 1.948 -2.06183 
-0.888215 -1.44993 0.570659 -0.620254 1.56856 1.10312 -0.127529 -0.516016 0.252871 -2.46196 0.398098 -1.56804 1.94265 -2.07712 
-0.8869 -1.46178 0.548888 -0.615091 1.58934 1.10671 -0.135326 -0.511913 0.25193 -2.45916 0.397726 -1.57866 1.93712 -2.09251 
-0.885528 -1.47368 0.527137 -0.609752 1.60995 1.11033 -0.143105 -0.507769 0.250817 -2.45629 0.397282 -1.5892 1.93142 -2.10799 
-0.885557 -1.46325 0.534957 -0.624006 1.6212 1.10724 -0.146998 -0.495665 0.239519 -2.44893 0.390582 -1.5959 1.92309 -2.11052 
-0.885506 -1.45284 0.542825 -0.638219 1.63239 1.10417 -0.150994 -0.483661 0.228076 -2.44158 0.383894 -1.60262 1.91473 -2.11311 
-0.885375 -1.44246 0.550741 -0.652391 1.64351 1.10114 -0.155094 -0.471757 0.216488 -2.43424 0.377218 -1.60936 1.90634 -2.11574 
-0.885162 -1.4321 0.558706 -0.66652 1.65457 1.09813 -0.159297 -0.459954 0.204754 -2.42692 0.370555 -1.61611 1.89792 -2.11843 
-0.884863 -1.42176 0.566718 -0.680605 1.66556 1.09516 -0.163601 -0.448253 0.192876 -2.41961 0.363904 -1.62287 1.88946 -2.12118 
-0.884479 -1.41145 0.574779 -0.694647 1.67649 1.09224 -0.168007 -0.436655 0.180853 -2.41232 0.357264 -1.62965 1.88097 -2.12398 
-0.884005 -1.40116 0.582887 -0.708643 1.68736 1.08936 -0.172512 -0.42516 0.168685 -2.40505 0.350636 -1.63645 1.87245 -2.12683 
-0.883442 -1.39091 0.591042 -0.722593 1.69815 1.08652 -0.177116 -0.413768 0.156374 -2.3978 0.344019 -1.64326 1.86389 -2.12974 
-0.882788 -1.38067 0.599245 -0.736493 1.70888 1.08374 -0.181819 -0.402482 0.143919 -2.39056 0.337411 -1.65009 1.8553 -2.13271 
-0.88204 -1.37046 0.607494 -0.750346 1.71954 1.08102 -0.186617 -0.391301 0.131323 -2.38336 0.330814 -1.65693 1.84668 -2.13573 
-0.881197 -1.36029 0.615789 -0.76415 1.73013 1.07835 -0.191508 -0.380224 0.118584 -2.37617 0.324226 -1.66379 1.83802 -2.13882 
-0.880256 -1.35015 0.624128 -0.777903 1.74066 1.07575 -0.19649 -0.369252 0.105704 -2.36901 0.317648 -1.67066 1.82933 -2.14196 
-0.879217 -1.34003 0.632512 -0.791606 1.75111 1.07321 -0.201562 -0.358386 0.0926848 -2.36188 0.311079 -1.67755 1.8206 -2.14517 
-0.878076 -1.32996 0.64094 -0.805256 1.76149 1.07074 -0.206721 -0.347625 0.0795261 -2.35478 0.304518 -1.68446 1.81184 -2.14843 
-0.876834 -1.31991 0.64941 -0.818854 1.7718 1.06834 -0.211964 -0.33697 0.0662294 -2.3477 0.297965 -1.69137 1.80304 -2.15176 
-0.875488 -1.30991 0.657921 -0.832396 1.78204 1.06602 -0.217288 -0.326419 0.0527961 -2.34066 0.29142 -1.6983 1.7942 -2.15515 
-0.874053 -1.29991 0.666488 -0.845859 1.79221 1.06379 -0.2227 -0.315989 0.039235 -2.33363 0.284856 -1.70526 1.78532 -2.15859 
-0.872511 -1.28995 0.675095 -0.859264 1.80231 1.06163 -0.228187 -0.305664 0.0255399 -2.32664 0.278298 -1.71222 1.77641 -2.16209 
-0.87086 -1.28004 0.683741 -0.872611 1.81234 1.05956 -0.233746 -0.295443 0.0117122 -2.31968 0.271746 -1.7192 1.76746 -2.16567 
-0.8691 -1.27016 0.692425 -0.885899 1.82229 1.05758 -0.239375 -0.285327 -0.0022466 -2.31275 0.265198 -1.72619 1.75846 -2.1693 
-0.867228 -1.26033 0.701147 -0.899126 1.83217 1.05568 -0.24507 -0.275315 -0.0163349 -2.30585 0.258653 -1.7332 1.74943 -2.173 
-0.865245 -1.25054 0.709904 -0.912291 1.84198 1.05388 -0.250828 -0.265405 -0.0305511 -2.29899 0.252111 -1.74021 1.74036 -2.17677 
-0.863148 -1.2408 0.718697 -0.925392 1.85172 1.05217 -0.256644 -0.255599 -0.0448936 -2.29215 0.245571 -1.74724 1.73124 -2.18061 
-0.860935 -1.23111 0.727524 -0.93843 1.86138 1.05055 -0.262516 -0.245894 -0.0593606 -2.28535 0.239033 -1.75428 1.72208 -2.18451 
-0.858609 -1.22146 0.736385 -0.951398 1.87097 1.04903 -0.26844 -0.236293 -0.0739495 -2.27858 0.232492 -1.76133 1.71288 -2.18848 
-0.856166 -1.21187 0.745278 -0.9643 1.88049 1.04761 -0.274411 -0.226792 -0.0886593 -2.27184 0.22595 -1.7684 1.70364 -2.19251 
-0.853605 -1.20232 0.754201 -0.977133 1.88993 1.04629 -0.280427 -0.217391 -0.103488 -2.26514 0.219407 -1.77547 1.69434 -2.19662 
-0.850924 -1.19283 0.763153 -0.989896 1.8993 1.04507 -0.286483 -0.208088 -0.118434 -2.25846 0.212861 -1.78255 1.68501 -2.2008 
-0.848124 -1.1834 0.772133 -1.00259 1.9086 1.04396 -0.292575 -0.198883 -0.133496 -2.25182 0.206313 -1.78965 1.67563 -2.20504 
-0.845202 -1.17402 0.781139 -1.01521 1.91782 1.04295 -0.298699 -0.189775 -0.14867 -2.24521 0.19976 -1.79675 1.6662 -2.20936 
-0.842158 -1.1647 0.790171 -1.02775 1.92697 1.04204 -0.304852 -0.180762 -0.163956 -2.23862 0.193203 -1.80386 1.65673 -2.21375 
-0.838991 -1.15544 0.799227 -1.04022 1.93605 1.04124 -0.311029 -0.171844 -0.179351 -2.23207 0.186641 -1.81097 1.6472 -2.21821 
-0.824302 -1.14308 0.802087 -1.05755 1.94326 1.03718 -0.319837 -0.149245 -0.200247 -2.22169 0.182429 -1.83044 1.6442 -2.23042 
-0.80949 -1.13071 0.804977 -1.07478 1.95042 1.03332 -0.328635 -0.12674 -0.22132 -2.2115 0.178243 -1.8499 1.64119 -2.24276 
-0.79456 -1.11831 0.807892 -1.09191 1.95751 1.02968 -0.337412 -0.104326 -0.24256 -2.2015 0.174084 -1.86937 1.63817 -2.25521 
-0.779516 -1.10588 0.81083 -1.10893 1.96456 1.02625 -0.346158 -0.0819969 -0.263957 -2.19169 0.169953 -1.88884 1.63514 -2.26778 
-0.764365 -1.09342 0.813787 -1.12585 1.97155 1.02302 -0.354861 -0.0597483 -0.285502 -2.18206 0.165852 -1.90831 1.6321 -2.28046 
-0.749113 -1.08093 0.81676 -1.14267 1.97849 1.02 -0.363511 -0.037574 -0.307187 -2.1726 0.161784 -1.92779 1.62903 -2.29325 
-0.733765 -1.0684 0.819747 -1.15939 1.9854 1.01718 -0.372098 -0.0154689 -0.329002 -2.16331 0.157749 -1.94727 1.62594 -2.30615 
-0.718328 -1.05582 0.822746 -1.17601 1.99226 1.01456 -0.380613 0.00657243 -0.350942 -2.15419 0.153752 -1.96675 1.62283 -2.31917 
-0.702805 -1.0432 0.825745 -1.19252 1.99908 1.01214 -0.38904 0.0285484 -0.372988 -2.14522 0.149791 -1.98624 1.61968 -2.33228 
-0.687206 -1.03053 0.828752 -1.20894 2.00586 1.00991 -0.397376 0.050471 -0.395143 -2.13641 0.145871 -2.00574 1.61651 -2.34551 
-0.671538 -1.01782 0.831765 -1.22525 2.01262 1.00788 -0.405611 0.0723455 -0.417398 -2.12774 0.141997 -2.02524 1.6133 -2.35884 
-0.655808 -1.00505 0.83478 -1.24147 2.01935 1.00603 -0.413738 0.0941768 -0.439747 -2.11923 0.13817 -2.04475 1.61005 -2.37227 
-0.640022 -0.992226 0.837798 -1.25759 2.02605 1.00436 -0.421747 0.115969 -0.462184 -2.11085 0.134393 -2.06427 1.60676 -2.38581 
-0.624188 -0.979344 0.840816 -1.27361 2.03274 1.00286 -0.429632 0.137728 -0.484702 -2.10261 0.130669 -2.08379 1.60343 -2.39946 
-0.608312 -0.966403 0.843834 -1.28954 2.03941 1.00154 -0.437384 0.159459 -0.507296 -2.0945 0.127002 -2.10331 1.60006 -2.41321 
-0.592402 -0.953398 0.846851 -1.30537 2.04607 1.00038 -0.444997 0.181164 -0.529961 -2.08652 0.123394 -2.12284 1.59664 -2.42707 
-0.589323 -0.944193 0.850183 -1.29111 2.04165 1.0118 -0.452415 0.180208 -0.511805 -2.07926 0.132792 -2.11051 1.60697 -2.41974 
-0.58636 -0.934934 0.853451 -1.27685 2.0372 1.02311 -0.45984 0.179385 -0.493672 -2.07193 0.142157 -2.09808 1.61729 -2.41236 
-0.583511 -0.925624 0.856655 -1.26257 2.03271 1.0343 -0.467277 0.178693 -0.475565 -2.06453 0.151489 -2.08557 1.62759 -2.40491 
-0.580772 -0.916268 0.859791 -1.24829 2.02819 1.04538 -0.474728 0.178128 -0.457486 -2.05707 0.160784 -2.07296 1.63787 -2.39741 
-0.578138 -0.90687 0.862859 -1.23399 2.02363 1.05635 -0.482196 0.177687 -0.439437 -2.04953 0.170043 -2.06027 1.64812 -2.38984 
-0.575607 -0.897434 0.865858 -1.21969 2.01903 1.0672 -0.489684 0.177366 -0.421422 -2.04192 0.179263 -2.04748 1.65835 -2.38222 
-0.573173 -0.887963 0.868785 -1.20537 2.01439 1.07793 -0.497195 0.177162 -0.40344 -2.03424 0.188444 -2.0346 1.66856 -2.37453 
-0.570835 -0.878459 0.871641 -1.19105 2.00971 1.08853 -0.504732 0.177073 -0.385496 -2.02647 0.197582 -2.02164 1.67873 -2.36679 
-0.568589 -0.86893 0.874422 -1.17671 2.00498 1.09901 -0.512297 0.177096 -0.367591 -2.01861 0.206679 -2.00858 1.68888 -2.35899 
-0.566431 -0.859374 0.877129 -1.16237 2.0002 1.10936 -0.519892 0.177227 -0.349726 -2.01067 0.21573 -1.99543 1.69899 -2.35113 
-0.56436 -0.849794 0.87976 -1.14801 1.99538 1.11957 -0.527521 0.177464 -0.331903 -2.00264 0.224735 -1.98218 1.70907 -2.3432 
-0.562371 -0.840192 0.882313 -1.13364 1.99052 1.12966 -0.535185 0.177802 -0.314122 -1.99452 0.233691 -1.96885 1.71911 -2.33522 
-0.560462 -0.83057 0.884789 -1.11926 1.9856 1.1396 -0.542887 0.178242 -0.296387 -1.9863 0.242596 -1.95543 1.7291 -2.32718 
-0.558632 -0.82093 0.887185 -1.10487 1.98064 1.14941 -0.55063 0.178778 -0.278697 -1.97799 0.251449 -1.94191 1.73906 -2.31908 
-0.556877 -0.811273 0.889502 -1.09048 1.97563 1.15907 -0.558414 0.179409 -0.261054 -1.96958 0.260248 -1.9283 1.74897 -2.31092 
-0.555196 -0.801601 0.891738 -1.07607 1.97058 1.16859 -0.566241 0.180133 -0.24346 -1.96106 0.268991 -1.91461 1.75883 -2.3027 
-0.55358 -0.791924 0.893895 -1.06165 1.96547 1.17796 -0.574121 0.180959 -0.225919 -1.95244 0.277691 -1.90081 1.76866 -2.29442 
-0.552033 -0.782236 0.89597 -1.04722 1.96031 1.18719 -0.582048 0.181873 -0.208429 -1.94372 0.28633 -1.88692 1.77844 -2.28608 
-0.550554 -0.772536 0.897961 -1.03279 1.95511 1.19625 -0.590024 0.182872 -0.19099 -1.93489 0.294908 -1.87294 1.78816 -2.27768 
-0.549142 -0.762825 0.899868 -1.01834 1.94986 1.20517 -0.59805 0.183953 -0.173605 -1.92595 0.303424 -1.85887 1.79783 -2.26922 
-0.547794 -0.753106 0.901691 -1.00389 1.94457 1.21392 -0.606128 0.185115 -0.156274 -1.9169 0.311873 -1.84472 1.80743 -2.2607 
-0.546509 -0.743378 0.903429 -0.989433 1.93923 1.22251 -0.61426 0.186356 -0.138997 -1.90774 0.320257 -1.83047 1.81698 -2.25212 
-0.545286 -0.733643 0.90508 -0.974969 1.93385 1.23094 -0.622445 0.187672 -0.121777 -1.89846 0.328572 -1.81614 1.82647 -2.24348 
-0.544125 -0.723901 0.906645 -0.960499 1.92842 1.23921 -0.630686 0.189063 -0.104613 -1.88907 0.336816 -1.80171 1.83589 -2.23478 
-0.543022 -0.714151 0.908123 -0.946025 1.92296 1.2473 -0.638983 0.190527 -0.0875054 -1.87957 0.34499 -1.7872 1.84524 -2.22602 
-0.541978 -0.704396 0.909514 -0.931547 1.91745 1.25523 -0.647337 0.192061 -0.0704564 -1.86995 0.35309 -1.77261 1.85453 -2.2172 
-0.540993 -0.694636 0.910818 -0.917066 1.91191 1.26298 -0.655748 0.193663 -0.0534663 -1.86022 0.361115 -1.75793 1.86374 -2.20833 
-0.540065 -0.684872 0.912033 -0.902583 1.90633 1.27056 -0.664217 0.19533 -0.0365358 -1.85036 0.369064 -1.74316 1.87289 -2.19939 
-0.539194 -0.675102 0.91316 -0.888099 1.90071 1.27797 -0.672745 0.197062 -0.0196654 -1.84039 0.376934 -1.72831 1.88195 -2.1904 
-0.538378 -0.665329 0.914198 -0.873615 1.89507 1.28519 -0.68133 0.198856 -0.00285574 -1.8303 0.384723 -1.71337 1.89095 -2.18135 
-0.537619 -0.655553 0.915147 -0.859133 1.88939 1.29224 -0.689975 0.200711 0.0138927 -1.8201 0.392432 -1.69836 1.89986 -2.17225 
-0.536915 -0.645773 0.916007 -0.844652 1.88368 1.29911 -0.698678 0.202623 0.030579 -1.80977 0.400057 -1.68326 1.9087 -2.16309 
-0.534472 -0.637453 0.918081 -0.833932 1.87877 1.30527 -0.707015 0.206942 0.0434143 -1.80047 0.408226 -1.6693 1.91569 -2.15517 
-0.532069 -0.629141 0.920086 -0.823207 1.87383 1.31128 -0.715378 0.211307 0.0562029 -1.79104 0.416331 -1.65529 1.9226 -2.14722 
-0.529706 -0.620838 0.922022 -0.812477 1.86888 1.31714 -0.723768 0.215717 0.0689447 -1.7815 0.424373 -1.64121 1.92943 -2.13923 
-0.527383 -0.612541 0.923892 -0.801743 1.8639 1.32285 -0.732185 0.22017 0.0816389 -1.77185 0.432349 -1.62708 1.93619 -2.13119 
-0.525099 -0.604253 0.925694 -0.791006 1.8589 1.32842 -0.740626 0.224667 0.094286 -1.76207 0.440259 -1.61289 1.94285 -2.12312 
-0.522854 -0.595973 0.92743 -0.780266 1.85389 1.33383 -0.749093 0.229205 0.106885 -1.75218 0.448101 -1.59864 1.94944 -2.11502 
-0.520649 -0.587701 0.929099 -0.769524 1.84886 1.33908 -0.757585 0.233783 0.119436 -1.74217 0.455875 -1.58434 1.95594 -2.10687 
-0.518483 -0.579437 0.930703 -0.758782 1.84382 1.34419 -0.7661 0.2384 0.131938 -1.73204 0.463578 -1.56997 1.96236 -2.09869 
-0.516355 -0.57118 0.932242 -0.748039 1.83877 1.34914 -0.77464 0.243057 0.144391 -1.72179 0.471212 -1.55556 1.96869 -2.09047 
-0.514266 -0.562932 0.933716 -0.737298 1.8337 1.35393 -0.783203 0.247751 0.156796 -1.71143 0.478774 -1.54109 1.97493 -2.08222 
-0.512215 -0.554691 0.935126 -0.726557 1.82863 1.35857 -0.791789 0.252481 0.169151 -1.70094 0.486263 -1.52656 1.98109 -2.07393 
-0.510204 -0.546459 0.936473 -0.715819 1.82355 1.36305 -0.800395 0.257245 0.181456 -1.69035 0.493679 -1.51198 1.98716 -2.06561 
-0.508232 -0.538235 0.937757 -0.705083 1.81847 1.36738 -0.809023 0.262043 0.193712 -1.67963 0.50102 -1.49735 1.99315 -2.05725 
-0.506299 -0.53002 0.938979 -0.694351 1.81339 1.37155 -0.81767 0.266874 0.205917 -1.6688 0.508285 -1.48267 1.99904 -2.04886 
-0.504405 -0.521812 0.94014 -0.683624 1.80831 1.37557 -0.826337 0.271737 0.218073 -1.65786 0.515474 -1.46794 2.00485 -2.04043 
-0.50255 -0.513614 0.941241 -0.672901 1.80323 1.37943 -0.835022 0.27663 0.230177 -1.6468 0.522586 -1.45316 2.01056 -2.03198 
-0.500726 -0.505415 0.942281 -0.66219 1.79815 1.38313 -0.843726 0.281562 0.242235 -1.63562 0.529624 -1.43833 2.01619 -2.02349 
-0.498941 -0.497225 0.943261 -0.651485 1.79308 1.38668 -0.852447 0.286524 0.254242 -1.62432 0.536583 -1.42346 2.02172 -2.01498 
-0.497196 -0.489043 0.944184 -0.640788 1.78802 1.39008 -0.861183 0.291512 0.266198 -1.61292 0.543462 -1.40853 2.02717 -2.00643 
-0.49549 -0.48087 0.94505 -0.630098 1.78297 1.39331 -0.869933 0.296527 0.278103 -1.6014 0.55026 -1.39356 2.03252 -1.99786 
-0.493823 -0.472706 0.945859 -0.619417 1.77793 1.3964 -0.878697 0.301568 0.289957 -1.58977 0.556978 -1.37855 2.03778 -1.98925 
-0.492196 -0.464551 0.946612 -0.608745 1.77291 1.39932 -0.887473 0.306634 0.301759 -1.57803 0.563613 -1.36349 2.04295 -1.98061 
-0.490609 -0.456404 0.947311 -0.598083 1.7679 1.4021 -0.896261 0.311724 0.313511 -1.56617 0.570166 -1.34839 2.04804 -1.97195 
-0.489061 -0.448266 0.947956 -0.587431 1.7629 1.40472 -0.905059 0.316836 0.325211 -1.55421 0.576635 -1.33325 2.05302 -1.96326 
-0.487552 -0.440136 0.948548 -0.576791 1.75793 1.40719 -0.913866 0.321971 0.33686 -1.54214 0.58302 -1.31807 2.05792 -1.95454 
-0.486083 -0.432015 0.949088 -0.566163 1.75297 1.40951 -0.922682 0.327127 0.348458 -1.52996 0.58932 -1.30285 2.06273 -1.9458 
-0.484653 -0.423903 0.949576 -0.555547 1.74804 1.41168 -0.931506 0.332303 0.360005 -1.51767 0.595535 -1.28759 2.06745 -1.93703 
-0.483264 -0.4158 0.950015 -0.544943 1.74314 1.41369 -0.940336 0.337498 0.371499 -1.50528 0.601664 -1.27229 2.07207 -1.92824 
-0.481915 -0.407705 0.950404 -0.534353 1.73826 1.41556 -0.949172 0.342711 0.382943 -1.49278 0.607706 -1.25695 2.0766 -1.91942 
-0.480605 -0.39962 0.950745 -0.523777 1.7334 1.41728 -0.958013 0.347942 0.394335 -1.48018 0.613661 -1.24158 2.08105 -1.91057 
-0.479335 -0.391544 0.951039 -0.513215 1.72858 1.41886 -0.966857 0.353189 0.405676 -1.46748 0.619528 -1.22617 2.0854 -1.9017 
-0.478106 -0.383477 0.951286 -0.502667 1.72378 1.42029 -0.975705 0.358452 0.416965 -1.45467 0.625307 -1.21073 2.08966 -1.89281 
-0.472167 -0.384458 0.944138 -0.503074 1.7345 1.43497 -0.972948 0.355211 0.410238 -1.4499 0.626642 -1.20155 2.0862 -1.87509 
-0.466153 -0.385489 0.937007 -0.503428 1.74518 1.44965 -0.970148 0.351934 0.403516 -1.44503 0.62795 -1.19241 2.08268 -1.85738 
-0.460064 -0.38657 0.929893 -0.503732 1.75582 1.46431 -0.967307 0.348622 0.396802 -1.44007 0.62923 -1.18333 2.07911 -1.83968 
-0.453898 -0.387702 0.922797 -0.503985 1.76643 1.47896 -0.964426 0.345275 0.390094 -1.435 0.630479 -1.17429 2.07549 -1.82199 
-0.447656 -0.388884 0.915719 -0.50419 1.77699 1.4936 -0.961505 0.341893 0.383395 -1.42983 0.631699 -1.1653 2.07181 -1.80431 
-0.441336 -0.390119 0.908658 -0.504345 1.78751 1.50822 -0.958546 0.338477 0.376706 -1.42456 0.632887 -1.15635 2.06808 -1.78664 
-0.434938 -0.391406 0.901616 -0.504454 1.798 1.52282 -0.95555 0.335027 0.370027 -1.41919 0.634044 -1.14747 2.0643 -1.76898 
-0.428461 -0.392747 0.894593 -0.504515 1.80845 1.53741 -0.952518 0.331543 0.363359 -1.41372 0.635167 -1.13863 2.06047 -1.75133 
-0.421906 -0.394141 0.887589 -0.50453 1.81885 1.55198 -0.94945 0.328026 0.356705 -1.40815 0.636257 -1.12985 2.05659 -1.73369 
-0.41527 -0.39559 0.880604 -0.5045 1.82922 1.56654 -0.94635 0.324475 0.350063 -1.40247 0.637313 -1.12112 2.05266 -1.71606 
-0.408554 -0.397094 0.873637 -0.504426 1.83955 1.58107 -0.943216 0.320892 0.343436 -1.3967 0.638334 -1.11245 2.04868 -1.69844 
-0.401757 -0.398654 0.86669 -0.504308 1.84983 1.59559 -0.940051 0.317277 0.336825 -1.39082 0.639318 -1.10384 2.04466 -1.68083 
-0.394879 -0.400271 0.859762 -0.504147 1.86008 1.61009 -0.936855 0.31363 0.33023 -1.38483 0.640267 -1.09528 2.04059 -1.66323 
-0.387918 -0.401945 0.852853 -0.503944 1.87028 1.62457 -0.93363 0.309952 0.323652 -1.37875 0.641177 -1.08679 2.03647 -1.64564 
-0.380875 -0.403677 0.845963 -0.5037 1.88045 1.63903 -0.930376 0.306244 0.317092 -1.37256 0.64205 -1.07836 2.03231 -1.62807 
-0.373749 -0.405468 0.839092 -0.503415 1.89057 1.65346 -0.927096 0.302506 0.310552 -1.36626 0.642883 -1.06999 2.0281 -1.6105 
-0.366541 -0.407316 0.832244 -0.503089 1.90065 1.66788 -0.923791 0.298737 0.304036 -1.35986 0.643677 -1.06168 2.02384 -1.59295 
-0.359248 -0.409224 0.825415 -0.502723 1.91068 1.68227 -0.920461 0.29494 0.297542 -1.35336 0.644431 -1.05344 2.01954 -1.5754 
-0.351871 -0.411193 0.818604 -0.50232 1.92068 1.69665 -0.917107 0.291115 0.291069 -1.34675 0.645144 -1.04526 2.0152 -1.55786 
-0.344409 -0.413224 0.811812 -0.501879 1.93063 1.71099 -0.913731 0.287263 0.28462 -1.34003 0.645815 -1.03715 2.01081 -1.54034 
-0.336862 -0.415316 0.805038 -0.501402 1.94053 1.72532 -0.910334 0.283385 0.278195 -1.33321 0.646444 -1.02911 2.00639 -1.52283 
-0.329229 -0.417471 0.798281 -0.500889 1.95039 1.73962 -0.906916 0.27948 0.271795 -1.32629 0.64703 -1.02114 2.00192 -1.50533 
-0.321509 -0.419689 0.791543 -0.500341 1.96021 1.7539 -0.90348 0.275552 0.26542 -1.31926 0.647572 -1.01325 1.99742 -1.48785 
-0.313703 -0.421972 0.784821 -0.499758 1.96998 1.76815 -0.900026 0.271599 0.259073 -1.31212 0.64807 -1.00543 1.99288 -1.47038 
-0.305809 -0.424318 0.778116 -0.499142 1.97971 1.78238 -0.896556 0.267623 0.252754 -1.30487 0.648522 -0.997678 1.98829 -1.45292 
-0.297829 -0.426729 0.771428 -0.498494 1.98939 1.79658 -0.893071 0.263625 0.246463 -1.29752 0.64893 -0.990008 1.98368 -1.43547 
-0.28976 -0.429206 0.764755 -0.497813 1.99902 1.81075 -0.889572 0.259605 0.240203 -1.29006 0.649291 -0.982416 1.97902 -1.41804 
-0.281603 -0.431749 0.758098 -0.497102 2.00861 1.8249 -0.88606 0.255566 0.233973 -1.2825 0.649605 -0.974904 1.97433 -1.40062 
-0.273357 -0.434358 0.751454 -0.496361 2.01814 1.83902 -0.882536 0.251508 0.227774 -1.27483 0.649873 -0.967474 1.96961 -1.38322 
-0.265022 -0.437034 0.744825 -0.49559 2.02763 1.85311 -0.879003 0.247431 0.221607 -1.26705 0.650093 -0.960126 1.96485 -1.36583 
-0.256598 -0.439778 0.738209 -0.494791 2.03707 1.86717 -0.87546 0.243338 0.215474 -1.25917 0.650265 -0.952863 1.96006 -1.34846 
-0.248084 -0.44259 0.731605 -0.493963 2.04646 1.88121 -0.87191 0.239229 0.209375 -1.25118 0.650388 -0.945687 1.95523 -1.33111 
-0.232542 -0.46314 0.730101 -0.507736 2.03658 1.87817 -0.864645 0.238524 0.201884 -1.25124 0.643128 -0.914309 1.95917 -1.31509 
-0.216855 -0.483574 0.728257 -0.521432 2.02631 1.87524 -0.857511 0.237915 0.194203 -1.25146 0.635747 -0.883038 1.96292 -1.29909 
-0.201016 -0.503884 0.726074 -0.535042 2.01562 1.87242 -0.85051 0.237401 0.186329 -1.25183 0.628247 -0.851882 1.96648 -1.28313 
-0.185015 -0.524063 0.723552 -0.548556 2.00452 1.86973 -0.843645 0.236981 0.178261 -1.25237 0.620626 -0.820852 1.96986 -1.26721 
-0.168843 -0.544102 0.720694 -0.561965 1.993 1.86717 -0.836917 0.236653 0.17 -1.25308 0.612884 -0.789957 1.97306 -1.25133 
-0.152491 -0.563994 0.717498 -0.575256 1.98104 1.86474 -0.830332 0.236417 0.161541 -1.25396 0.605022 -0.759207 1.97608 -1.23551 
-0.13595 -0.583731 0.713967 -0.58842 1.96865 1.86245 -0.823891 0.236273 0.152883 -1.25503 0.59704 -0.728613 1.97892 -1.21976 
-0.119211 -0.603303 0.710101 -0.601445 1.95581 1.86031 -0.817599 0.23622 0.144024 -1.25627 0.58894 -0.698187 1.98159 -1.20408 
-0.102269 -0.62268 0.705908 -0.614329 1.94251 1.85832 -0.811447 0.236247 0.134984 -1.25771 0.580704 -0.667945 1.98407 -1.18849 
-0.0851109 -0.641874 0.701382 -0.627051 1.92875 1.85649 -0.805451 0.236363 0.12574 -1.25935 0.57235 -0.637896 1.9864 -1.173 
-0.0677291 -0.660874 0.696526 -0.639601 1.91452 1.85482 -0.799616 0.236567 0.11629 -1.26118 0.56388 -0.608053 1.98856 -1.15761 
-0.0501151 -0.679669 0.691342 -0.651966 1.89981 1.85331 -0.793944 0.23686 0.106633 -1.26321 0.555294 -0.578431 1.99057 -1.14232 
-0.0322625 -0.698245 0.685831 -0.664138 1.88463 1.85196 -0.78844 0.237237 0.096772 -1.26546 0.546592 -0.549043 1.99243 -1.12716 
-0.0141639 -0.716594 0.679996 -0.676103 1.86896 1.85079 -0.78311 0.237701 0.0867025 -1.26791 0.537776 -0.519905 1.99415 -1.11213 
0.0041861 -0.734702 0.673839 -0.687851 1.85281 1.84979 -0.777958 0.238249 0.0764243 -1.27058 0.528849 -0.491031 1.99575 -1.09724 
0.0227931 -0.752558 0.667362 -0.699372 1.83616 1.84897 -0.772988 0.238881 0.0659374 -1.27347 0.519812 -0.462436 1.99722 -1.0825 
0.0416049 -0.769907 0.660626 -0.710705 1.81904 1.84839 -0.768123 0.239524 0.0554641 -1.27656 0.510556 -0.434205 1.99853 -1.06795 
0.0606797 -0.78698 0.65358 -0.721792 1.80142 1.84798 -0.763448 0.240248 0.0447856 -1.27989 0.501196 -0.406282 1.99974 -1.05356 
0.080019 -0.803764 0.646229 -0.732624 1.78332 1.84775 -0.758969 0.241051 0.0339037 -1.28343 0.491735 -0.37868 2.00087 -1.03933 
0.0996233 -0.820245 0.638576 -0.743193 1.76473 1.8477 -0.75469 0.241932 0.0228199 -1.28721 0.482174 -0.351412 2.00193 -1.02529 
0.119491 -0.836416 0.63063 -0.753497 1.74565 1.84782 -0.750615 0.242888 0.0115165 -1.29121 0.472517 -0.324499 2.00293 -1.01141 
0.13962 -0.85224 0.622386 -0.763513 1.72609 1.8481 -0.746746 0.243914 0 -1.29544 0.462767 -0.297936 2.00388 -0.997729 
0.160007 -0.867743 0.613861 -0.773258 1.70606 1.84854 -0.743091 0.245014 -0.0116269 -1.29989 0.452928 -0.271756 2.0048 -0.984226 
0.180648 -0.882873 0.605052 -0.782706 1.68555 1.84914 -0.73965 0.246177 -0.0234594 -1.30457 0.443002 -0.245946 2.00571 -0.970924 
0.201521 -0.897608 0.595978 -0.791873 1.6646 1.8499 -0.73642 0.247397 -0.0354642 -1.30947 0.432987 -0.220546 2.00661 -0.95781 
0.222633 -0.91197 0.586638 -0.800749 1.64319 1.85081 -0.733411 0.248678 -0.0476476 -1.31459 0.422894 -0.195543 2.00753 -0.94489 
0.243975 -0.925949 0.57704 -0.809335 1.62135 1.85185 -0.730622 0.250015 -0.0600035 -1.31992 0.412727 -0.170943 2.00847 -0.932163 
0.265537 -0.939537 0.56719 -0.817631 1.59908 1.85301 -0.728057 0.251407 -0.0725264 -1.32547 0.402488 -0.14675 2.00944 -0.919631 
0.287306 -0.952723 0.557099 -0.82564 1.57639 1.8543 -0.725714 0.252846 -0.0852054 -1.33123 0.392181 -0.122968 2.01047 -0.907289 
0.309273 -0.965505 0.546775 -0.833366 1.55332 1.8557 -0.723593 0.254331 -0.0980385 -1.33719 0.38181 -0.0995965 2.01156 -0.895137 
0.331426 -0.97788 0.536224 -0.840812 1.52985 1.85719 -0.721695 0.255857 -0.111019 -1.34336 0.371379 -0.076634 2.01273 -0.88317 
0.353752 -0.989845 0.525458 -0.847986 1.50603 1.85878 -0.720018 0.257419 -0.124139 -1.34971 0.36089 -0.0540778 2.01398 -0.871385 
0.368212 -0.996962 0.518144 -0.852861 1.48994 1.85927 -0.719047 0.258278 -0.132716 -1.35373 0.353868 -0.0391734 2.01591 -0.863327 
0.382722 -1.00391 0.510748 -0.857638 1.47373 1.85978 -0.718166 0.259147 -0.141347 -1.35783 0.346827 -0.0244196 2.01787 -0.855336 
0.397279 -1.0107 0.503271 -0.862318 1.45738 1.86032 -0.717374 0.260026 -0.150031 -1.362 0.339768 -0.00981443 2.01987 -0.847409 
0.41188 -1.01733 0.495716 -0.866905 1.44092 1.86089 -0.71667 0.260912 -0.158767 -1.36625 0.332691 0.00464444 2.02191 -0.839546 
0.426521 -1.02379 0.488085 -0.8714 1.42433 1.86148 -0.716053 0.261805 -0.167551 -1.37057 0.325599 0.0189593 2.02398 -0.831744 
0.441199 -1.03009 0.480382 -0.875807 1.40763 1.86209 -0.715521 0.262703 -0.176384 -1.37497 0.31849 0.033133 2.02609 -0.824001 
0.455911 -1.03623 0.472608 -0.880127 1.39083 1.86271 -0.715075 0.263606 -0.185263 -1.37943 0.311367 0.0471682 2.02824 -0.816317 
0.470654 -1.04222 0.464766 -0.884364 1.37391 1.86335 -0.714713 0.264512 -0.194188 -1.38396 0.304228 0.0610679 2.03044 -0.808689 
0.485421 -1.04804 0.456859 -0.888521 1.3569 1.86399 -0.714433 0.265419 -0.203151 -1.38856 0.297077 0.0748346 2.03267 -0.801112 
0.500213 -1.05371 0.448889 -0.8926 1.3398 1.86465 -0.714234 0.266326 -0.212157 -1.39322 0.289912 0.0884721 2.03496 -0.793588 
0.515027 -1.05923 0.440858 -0.896604 1.3226 1.86531 -0.714116 0.267234 -0.221204 -1.39794 0.282734 0.101984 2.03728 -0.786115 
0.529861 -1.06459 0.432768 -0.900534 1.30532 1.86598 -0.714076 0.268141 -0.23029 -1.40273 0.275543 0.115373 2.03964 -0.77869 
0.544712 -1.06981 0.424622 -0.904395 1.28795 1.86665 -0.714114 0.269045 -0.239414 -1.40757 0.26834 0.128642 2.04205 -0.771312 
0.559578 -1.07489 0.416422 -0.908188 1.2705 1.86732 -0.714228 0.269946 -0.248576 -1.41247 0.261126 0.141796 2.04451 -0.763979 
0.574457 -1.07982 0.408169 -0.911916 1.25298 1.86799 -0.714416 0.270843 -0.257774 -1.41743 0.253899 0.154837 2.047 -0.756689 
0.589347 -1.08461 0.399868 -0.915582 1.23539 1.86865 -0.714677 0.271736 -0.267008 -1.42245 0.24666 0.16777 2.04954 -0.749441 

