-0.74867 1.3659 7.35139 6.21965 -7.66096 8.11155 
1.19442 -0.698048 -7.58654 2.77566 5.98113 5.88977 
8.73837 -8.35073 -6.10939 7.06418 7.92843 9.60928 
3.91009 0.376125 -7.67643 -4.53128 -9.69144 -4.99593 
-4.44325 -0.910642 9.90599 3.94188 -9.77628 -8.62975 
-8.96107 -0.524945 2.73615 8.39032 -4.3053 5.07519 
6.50187 6.88912 -5.62286 8.91533 -0.335219 -9.64173 
4.80509 -1.59685 -7.99246 8.6957 -4.53268 9.93597 
8.30498 9.37741 0.312092 -9.37145 -5.15387 0.620648 
-4.36738 0.402884 9.71001 -4.46139 -5.65523 9.93373 
-3.09114 -4.61631 -0.591214 9.64501 -6.22599 5.10349 
4.7202 -9.72412 1.99261 9.09734 9.19121 -8.34261 
9.45561 3.9963 0.0605339 -8.53685 2.692 5.52786 
-8.60088 0.996978 4.90527 1.71121 1.62553 9.7514 
-7.66814 7.25815 0.154284 -7.95814 -7.20324 4.49905 
-8.02441 -0.294378 9.88275 1.38438 -0.649367 -6.34324 
-3.51213 -5.92917 -6.06736 8.48047 -6.83183 -6.87615 
-9.86214 -7.37622 7.12015 0.198391 -5.91306 -0.187849 
-4.27375 -4.51395 -9.19087 -9.36848 7.19726 2.43466 
-9.61708 9.52912 -0.307199 0.537204 -8.42902 2.48956 
