113
-0.696242 -0.819496 -0.494325 0.261059 -2.5861 -0.726482 -1.69448 1.57 0 0 0 0 0 0 
-0.678585 -0.807008 -0.494769 0.234462 -2.58732 -0.739082 -1.67832 1.57 0 0 0 0 0 0 
-0.660928 -0.794503 -0.495209 0.207872 -2.58854 -0.751681 -1.66216 1.57 0 0 0 0 0 0 
-0.64327 -0.781985 -0.495644 0.181289 -2.58976 -0.764281 -1.646 1.57 0 0 0 0 0 0 
-0.625613 -0.769455 -0.496076 0.154711 -2.59098 -0.77688 -1.62984 1.57 0 0 0 0 0 0 
-0.607956 -0.756917 -0.496505 0.128136 -2.5922 -0.789479 -1.61368 1.57 0 0 0 0 0 0 
-0.590299 -0.744373 -0.496932 0.101565 -2.59342 -0.802078 -1.59752 1.57 0 0 0 0 0 0 
-0.572641 -0.731825 -0.497358 0.0749952 -2.59464 -0.814677 -1.58136 1.57 0 0 0 0 0 0 
-0.554984 -0.719275 -0.497784 0.0484264 -2.59586 -0.827276 -1.5652 1.57 0 0 0 0 0 0 
-0.537327 -0.706726 -0.49821 0.0218576 -2.59708 -0.839875 -1.54904 1.57 0 0 0 0 0 0 
-0.51967 -0.694177 -0.498636 -0.00471185 -2.5983 -0.852474 -1.53288 1.57 0 0 0 0 0 0 
-0.502013 -0.681632 -0.499062 -0.0312827 -2.59952 -0.865073 -1.51673 1.57 0 0 0 0 0 0 
-0.484355 -0.669091 -0.499491 -0.0578557 -2.60074 -0.877672 -1.50057 1.57 0 0 0 0 0 0 
-0.466698 -0.656556 -0.499921 -0.0844313 -2.60196 -0.89027 -1.48441 1.57 0 0 0 0 0 0 
-0.449041 -0.644027 -0.500352 -0.11101 -2.60318 -0.90287 -1.46825 1.57 0 0 0 0 0 0 
-0.431384 -0.631507 -0.500787 -0.137593 -2.6044 -0.915468 -1.45209 1.57 0 0 0 0 0 0 
-0.413726 -0.618657 -0.501121 -0.164022 -2.60563 -0.928065 -1.43593 1.57 0 0 0 0 0 0 
-0.396069 -0.606494 -0.501663 -0.19077 -2.60684 -0.940666 -1.41977 1.57 0 0 0 0 0 0 
-0.378412 -0.594003 -0.502107 -0.217367 -2.60806 -0.953266 -1.40361 1.57 0 0 0 0 0 0 
-0.360755 -0.581524 -0.502554 -0.243968 -2.60928 -0.965865 -1.38745 1.57 0 0 0 0 0 0 
-0.343098 -0.569056 -0.503005 -0.270575 -2.6105 -0.978465 -1.37129 1.57 0 0 0 0 0 0 
-0.32544 -0.5566 -0.50346 -0.297188 -2.61172 -0.991064 -1.35513 1.57 0 0 0 0 0 0 
-0.307783 -0.544158 -0.503918 -0.323807 -2.61294 -1.00366 -1.33897 1.57 0 0 0 0 0 0 
-0.290126 -0.53173 -0.504381 -0.350432 -2.61416 -1.01626 -1.32281 1.57 0 0 0 0 0 0 
-0.272469 -0.519315 -0.504847 -0.377063 -2.61538 -1.02886 -1.30665 1.57 0 0 0 0 0 0 
-0.254812 -0.506915 -0.505318 -0.403702 -2.6166 -1.04146 -1.29049 1.57 0 0 0 0 0 0 
-0.237154 -0.494529 -0.505793 -0.430346 -2.61782 -1.05406 -1.27433 1.57 0 0 0 0 0 0 
-0.219497 -0.482158 -0.506273 -0.456998 -2.61904 -1.06666 -1.25817 1.57 0 0 0 0 0 0 
-0.20184 -0.469802 -0.506756 -0.483657 -2.62026 -1.07926 -1.24201 1.57 0 0 0 0 0 0 
-0.184183 -0.457461 -0.507244 -0.510322 -2.62147 -1.09186 -1.22585 1.57 0 0 0 0 0 0 
-0.166525 -0.445135 -0.507736 -0.536994 -2.62269 -1.10446 -1.20969 1.57 0 0 0 0 0 0 
-0.148868 -0.432825 -0.508232 -0.563674 -2.62391 -1.11707 -1.19354 1.57 0 0 0 0 0 0 
-0.131211 -0.420538 -0.508734 -0.590364 -2.62513 -1.12967 -1.17738 1.57 0 0 0 0 0 0 
-0.121483 -0.413132 -0.526489 -0.596243 -2.60548 -1.13482 -1.15765 1.57 0 0 0 0 0 0 
-0.111755 -0.405633 -0.544218 -0.602081 -2.58583 -1.13996 -1.13793 1.57 0 0 0 0 0 0 
-0.102027 -0.398016 -0.561915 -0.607865 -2.56617 -1.14511 -1.11821 1.57 0 0 0 0 0 0 
-0.0922988 -0.39037 -0.579604 -0.613637 -2.54652 -1.15026 -1.09849 1.57 0 0 0 0 0 0 
-0.0825707 -0.382501 -0.597226 -0.619311 -2.52687 -1.15541 -1.07877 1.57 0 0 0 0 0 0 
-0.0728427 -0.374606 -0.614841 -0.624974 -2.50722 -1.16056 -1.05905 1.57 0 0 0 0 0 0 
-0.0631146 -0.366604 -0.632423 -0.63059 -2.48757 -1.16571 -1.03933 1.57 0 0 0 0 0 0 
-0.0533866 -0.358515 -0.649977 -0.636168 -2.46791 -1.17085 -1.01961 1.57 0 0 0 0 0 0 
-0.0436585 -0.350342 -0.667503 -0.641713 -2.44826 -1.176 -0.999884 1.57 0 0 0 0 0 0 
-0.0339305 -0.342088 -0.685002 -0.647222 -2.42861 -1.18115 -0.980163 1.57 0 0 0 0 0 0 
-0.0242024 -0.333737 -0.702468 -0.652692 -2.40896 -1.18629 -0.960441 1.57 0 0 0 0 0 0 
-0.0144744 -0.32531 -0.719907 -0.658131 -2.38931 -1.19144 -0.94072 1.57 0 0 0 0 0 0 
-0.00474632 -0.31681 -0.737321 -0.663539 -2.36966 -1.19659 -0.920999 1.57 0 0 0 0 0 0 
0.00498173 -0.308242 -0.754711 -0.66892 -2.35001 -1.20173 -0.901278 1.57 0 0 0 0 0 0 
0.0147098 -0.299586 -0.772068 -0.674266 -2.33036 -1.20688 -0.881556 1.57 0 0 0 0 0 0 
0.0244378 -0.290725 -0.78935 -0.679532 -2.31072 -1.21203 -0.861835 1.57 0 0 0 0 0 0 
0.0341659 -0.282084 -0.806699 -0.684893 -2.29107 -1.21717 -0.842114 1.57 0 0 0 0 0 0 
0.0438939 -0.273243 -0.823971 -0.690177 -2.27142 -1.22231 -0.822392 1.57 0 0 0 0 0 0 
0.053622 -0.264329 -0.841214 -0.695436 -2.25177 -1.22746 -0.802671 1.57 0 0 0 0 0 0 
0.06335 -0.255366 -0.858438 -0.700676 -2.23213 -1.2326 -0.78295 1.57 0 0 0 0 0 0 
0.0730781 -0.246352 -0.875641 -0.705898 -2.21248 -1.23774 -0.763229 1.57 0 0 0 0 0 0 
0.0828061 -0.237291 -0.892824 -0.711104 -2.19284 -1.24289 -0.743507 1.57 0 0 0 0 0 0 
0.0925342 -0.228176 -0.909985 -0.716291 -2.17319 -1.24804 -0.723786 1.57 0 0 0 0 0 0 
0.102262 -0.21902 -0.927129 -0.721465 -2.15355 -1.25318 -0.704065 1.57 0 0 0 0 0 0 
0.11199 -0.209827 -0.944255 -0.726629 -2.13391 -1.25833 -0.684343 1.57 0 0 0 0 0 0 
0.121718 -0.2006 -0.961367 -0.731781 -2.11426 -1.26347 -0.664622 1.57 0 0 0 0 0 0 
0.131446 -0.191336 -0.978462 -0.736922 -2.09462 -1.26862 -0.644901 1.57 0 0 0 0 0 0 
0.141174 -0.182054 -0.99555 -0.742058 -2.07498 -1.27377 -0.625179 1.57 0 0 0 0 0 0 
0.150902 -0.17273 -1.01262 -0.747181 -2.05534 -1.27891 -0.605458 1.57 0 0 0 0 0 0 
0.160631 -0.163395 -1.02968 -0.752301 -2.0357 -1.28406 -0.585737 1.57 0 0 0 0 0 0 
0.170359 -0.154041 -1.04674 -0.757415 -2.01606 -1.28921 -0.566016 1.57 0 0 0 0 0 0 
0.180087 -0.144674 -1.06379 -0.762526 -1.99642 -1.29436 -0.546294 1.57 0 0 0 0 0 0 
0.189815 -0.135285 -1.08078 -0.767783 -1.97679 -1.29952 -0.526573 1.57 0 0 0 0 0 0 
0.199543 -0.125894 -1.09777 -0.773039 -1.95716 -1.30468 -0.506852 1.57 0 0 0 0 0 0 
0.209271 -0.116503 -1.11476 -0.778294 -1.93753 -1.30984 -0.48713 1.57 0 0 0 0 0 0 
0.218999 -0.10709 -1.13174 -0.783545 -1.91791 -1.315 -0.467409 1.57 0 0 0 0 0 0 
0.228727 -0.0977392 -1.14875 -0.78881 -1.89828 -1.32016 -0.447688 1.57 0 0 0 0 0 0 
0.238455 -0.088374 -1.16575 -0.794073 -1.87865 -1.32532 -0.427967 1.57 0 0 0 0 0 0 
0.248183 -0.0790275 -1.18277 -0.799339 -1.85902 -1.33048 -0.408245 1.57 0 0 0 0 0 0 
0.257911 -0.0697021 -1.19979 -0.804609 -1.83939 -1.33563 -0.388524 1.57 0 0 0 0 0 0 
0.267639 -0.0604009 -1.21682 -0.809887 -1.81976 -1.34079 -0.368803 1.57 0 0 0 0 0 0 
0.277367 -0.0511173 -1.23386 -0.815168 -1.80013 -1.34595 -0.349081 1.57 0 0 0 0 0 0 
0.287095 -0.0418915 -1.25093 -0.82046 -1.7805 -1.35111 -0.32936 1.57 0 0 0 0 0 0 
0.296823 -0.0326919 -1.26801 -0.825755 -1.76087 -1.35627 -0.309639 1.57 0 0 0 0 0 0 
0.306551 -0.0235326 -1.28511 -0.831057 -1.74124 -1.36142 -0.289918 1.57 0 0 0 0 0 0 
0.316279 -0.0144166 -1.30223 -0.836364 -1.7216 -1.36658 -0.270196 1.57 0 0 0 0 0 0 
0.326007 -0.00535613 -1.31937 -0.841679 -1.70197 -1.37173 -0.250475 1.57 0 0 0 0 0 0 
0.335735 0.00361574 -1.33656 -0.847005 -1.68233 -1.37689 -0.230754 1.57 0 0 0 0 0 0 
0.345463 0.0126098 -1.35374 -0.852366 -1.66269 -1.38204 -0.211032 1.57 0 0 0 0 0 0 
0.355192 0.0216497 -1.37091 -0.857724 -1.64306 -1.38719 -0.191311 1.57 0 0 0 0 0 0 
0.36492 0.030336 -1.38824 -0.863111 -1.62341 -1.39233 -0.17159 1.57 0 0 0 0 0 0 
0.374648 0.0390978 -1.40553 -0.868493 -1.60377 -1.39748 -0.151869 1.57 0 0 0 0 0 0 
0.384376 0.047783 -1.42285 -0.873864 -1.58412 -1.40263 -0.132147 1.57 0 0 0 0 0 0 
0.394104 0.0559062 -1.44043 -0.879264 -1.56446 -1.40776 -0.112426 1.57 0 0 0 0 0 0 
0.403832 0.0646239 -1.45774 -0.884625 -1.54481 -1.41291 -0.0927047 1.57 0 0 0 0 0 0 
0.41356 0.0756488 -1.47402 -0.889914 -1.52524 -1.41809 -0.0729834 1.57 0 0 0 0 0 0 
0.423288 0.0817122 -1.49249 -0.89531 -1.50551 -1.42319 -0.0532621 1.57 0 0 0 0 0 0 
0.433016 0.0896183 -1.51016 -0.900689 -1.48583 -1.42832 -0.0335408 1.57 0 0 0 0 0 0 
0.442744 0.0981547 -1.52755 -0.906081 -1.46618 -1.43346 -0.0138195 1.57 0 0 0 0 0 0 
0.452472 0.106233 -1.54514 -0.911467 -1.44652 -1.4386 0.00590175 1.57 0 0 0 0 0 0 
0.4622 0.114212 -1.56279 -0.916867 -1.42685 -1.44373 0.025623 1.57 0 0 0 0 0 0 
0.471928 0.122305 -1.58038 -0.92227 -1.40718 -1.44886 0.0453443 1.57 0 0 0 0 0 0 
0.481656 0.129866 -1.5982 -0.927651 -1.3875 -1.45399 0.0650656 1.57 0 0 0 0 0 0 
0.491384 0.137465 -1.616 -0.933034 -1.36781 -1.45911 0.0847869 1.57 0 0 0 0 0 0 
0.504392 0.144587 -1.6346 -0.949174 -1.35308 -1.45713 0.111157 1.57 0 0 0 0 0 0 
0.5174 0.151251 -1.65339 -0.96528 -1.33833 -1.45514 0.137528 1.57 0 0 0 0 0 0 
0.530408 0.157673 -1.67227 -0.981364 -1.32358 -1.45314 0.163898 1.57 0 0 0 0 0 0 
0.543416 0.163773 -1.69128 -0.997419 -1.30881 -1.45114 0.190269 1.57 0 0 0 0 0 0 
0.556424 0.169593 -1.71039 -1.01344 -1.29403 -1.44913 0.216639 1.57 0 0 0 0 0 0 
0.569432 0.175082 -1.72962 -1.02943 -1.27925 -1.44712 0.24301 1.57 0 0 0 0 0 0 
0.58244 0.180424 -1.7489 -1.0454 -1.26446 -1.4451 0.26938 1.57 0 0 0 0 0 0 
0.595448 0.185125 -1.76841 -1.06129 -1.24965 -1.44306 0.29575 1.57 0 0 0 0 0 0 
0.608456 0.189785 -1.78793 -1.07716 -1.23484 -1.44101 0.322121 1.57 0 0 0 0 0 0 
0.621463 0.193999 -1.8076 -1.09297 -1.22002 -1.43895 0.348491 1.57 0 0 0 0 0 0 
0.634471 0.197976 -1.82734 -1.10875 -1.20519 -1.43688 0.374862 1.57 0 0 0 0 0 0 
0.647479 0.201601 -1.84719 -1.12446 -1.19036 -1.4348 0.401232 1.57 0 0 0 0 0 0 
0.660487 0.204963 -1.86712 -1.14012 -1.17552 -1.43271 0.427603 1.57 0 0 0 0 0 0 
0.673495 0.20797 -1.88715 -1.15571 -1.16067 -1.43061 0.453973 1.57 0 0 0 0 0 0 
0.686503 0.210718 -1.90726 -1.17126 -1.14582 -1.4285 0.480344 1.57 0 0 0 0 0 0 
0.699511 0.213128 -1.92746 -1.18673 -1.13097 -1.42638 0.506714 1.57 0 0 0 0 0 0 

